200 9876
2 0
2 1
3 1
4 0
4 3
5 2
5 3
5 4
6 0
6 1
6 4
7 0
7 2
7 5
7 6
8 0
8 2
9 0
9 3
9 5
9 6
9 7
10 0
10 1
10 4
10 5
10 6
10 7
11 6
11 8
12 1
12 2
12 4
12 6
12 7
12 8
12 11
13 0
13 1
13 3
13 5
13 7
13 8
13 9
13 12
14 0
14 3
14 5
14 8
14 10
14 13
15 2
15 3
15 4
15 6
15 8
15 11
15 12
15 14
16 1
16 4
16 5
16 7
16 11
16 14
16 15
17 5
17 6
17 10
17 12
17 13
17 14
18 2
18 3
18 4
18 6
18 11
18 13
19 2
19 6
19 7
19 13
19 14
19 16
19 17
20 0
20 1
20 3
20 5
20 7
20 8
20 10
20 12
20 14
20 17
20 19
21 0
21 1
21 2
21 4
21 5
21 7
21 8
21 9
21 12
21 14
21 15
21 16
21 19
22 1
22 7
22 8
22 10
22 14
22 15
22 18
22 21
23 0
23 3
23 5
23 6
23 9
23 10
23 14
23 15
23 18
23 21
24 2
24 4
24 5
24 6
24 10
24 13
24 15
24 20
24 22
24 23
25 0
25 3
25 4
25 5
25 8
25 11
25 12
25 14
25 17
25 18
25 19
25 22
25 24
26 1
26 2
26 4
26 5
26 7
26 8
26 14
26 16
26 18
26 21
26 24
27 0
27 1
27 2
27 5
27 7
27 8
27 10
27 11
27 14
27 15
27 16
27 17
27 20
27 21
27 23
27 24
27 25
27 26
28 0
28 1
28 2
28 4
28 6
28 8
28 11
28 12
28 14
28 15
28 17
28 18
28 19
28 21
28 26
28 27
29 0
29 1
29 3
29 4
29 6
29 7
29 8
29 11
29 13
29 15
29 17
29 21
29 23
29 27
30 6
30 7
30 9
30 10
30 12
30 14
30 15
30 16
30 17
30 18
30 22
30 23
30 24
30 25
30 27
31 2
31 3
31 8
31 9
31 10
31 11
31 14
31 15
31 16
31 18
31 20
31 21
31 22
31 26
31 27
31 28
31 30
32 0
32 1
32 3
32 4
32 5
32 6
32 13
32 14
32 17
32 19
32 21
32 22
32 23
32 31
33 2
33 5
33 6
33 8
33 13
33 14
33 15
33 17
33 18
33 19
33 25
33 26
33 27
33 28
33 31
33 32
34 1
34 7
34 8
34 9
34 10
34 15
34 19
34 20
34 23
34 25
34 26
34 28
34 31
34 33
35 1
35 2
35 4
35 7
35 9
35 10
35 11
35 15
35 18
35 22
35 26
35 27
35 28
35 29
35 31
35 33
36 3
36 4
36 5
36 7
36 8
36 9
36 11
36 12
36 14
36 16
36 17
36 18
36 20
36 22
36 26
36 27
36 31
36 32
37 0
37 5
37 6
37 7
37 9
37 12
37 14
37 17
37 18
37 22
37 23
37 24
37 27
37 28
37 29
37 31
37 32
37 33
37 34
37 36
38 0
38 3
38 4
38 5
38 9
38 10
38 11
38 16
38 17
38 20
38 22
38 25
38 26
38 27
38 28
38 31
38 32
38 33
38 34
38 37
39 0
39 2
39 3
39 4
39 5
39 6
39 7
39 9
39 10
39 11
39 12
39 15
39 17
39 19
39 20
39 22
39 24
39 28
39 29
39 30
39 31
39 32
39 34
39 35
39 36
39 38
40 3
40 4
40 6
40 8
40 9
40 12
40 13
40 15
40 18
40 20
40 21
40 24
40 25
40 29
40 30
40 31
40 32
40 33
40 35
40 36
40 37
40 38
40 39
41 4
41 5
41 6
41 7
41 16
41 17
41 18
41 20
41 22
41 23
41 25
41 26
41 28
41 29
41 30
41 32
41 34
41 35
41 39
42 0
42 2
42 3
42 5
42 8
42 9
42 12
42 13
42 14
42 17
42 18
42 19
42 20
42 21
42 22
42 25
42 26
42 28
42 29
42 30
42 31
42 32
42 33
42 41
43 0
43 3
43 5
43 10
43 11
43 13
43 14
43 15
43 18
43 21
43 22
43 23
43 25
43 28
43 29
43 30
43 31
43 35
43 36
43 37
43 38
43 39
43 40
43 41
43 42
44 1
44 3
44 5
44 6
44 9
44 12
44 13
44 15
44 17
44 23
44 25
44 30
44 31
44 32
44 33
44 36
44 38
44 39
44 40
44 41
45 1
45 2
45 3
45 6
45 7
45 8
45 9
45 12
45 14
45 16
45 18
45 20
45 22
45 24
45 25
45 27
45 28
45 31
45 32
45 33
45 38
45 39
45 41
45 43
46 1
46 2
46 3
46 4
46 5
46 6
46 9
46 11
46 15
46 18
46 21
46 24
46 25
46 27
46 28
46 29
46 30
46 32
46 34
46 37
46 38
46 40
46 41
46 43
46 44
47 0
47 1
47 3
47 5
47 6
47 7
47 9
47 12
47 15
47 16
47 20
47 22
47 23
47 25
47 26
47 30
47 32
47 33
47 35
47 39
47 40
47 41
47 42
47 45
47 46
48 0
48 1
48 2
48 4
48 6
48 7
48 9
48 11
48 12
48 13
48 14
48 15
48 19
48 21
48 22
48 23
48 25
48 27
48 30
48 31
48 34
48 35
48 36
48 37
48 38
48 39
48 40
48 41
48 44
48 45
48 46
48 47
49 0
49 2
49 3
49 4
49 5
49 9
49 10
49 13
49 14
49 16
49 17
49 19
49 20
49 21
49 22
49 23
49 24
49 25
49 27
49 28
49 30
49 31
49 33
49 34
49 37
49 38
49 39
49 40
49 41
49 42
49 46
50 0
50 2
50 3
50 5
50 9
50 10
50 11
50 15
50 21
50 22
50 24
50 25
50 26
50 27
50 28
50 29
50 30
50 34
50 35
50 37
50 38
50 39
50 40
50 42
50 43
50 44
50 46
50 49
51 2
51 3
51 5
51 7
51 9
51 10
51 11
51 13
51 15
51 17
51 22
51 28
51 30
51 31
51 33
51 34
51 39
51 40
51 41
51 42
51 45
51 46
51 47
51 48
51 49
51 50
52 0
52 1
52 3
52 4
52 6
52 10
52 11
52 12
52 14
52 15
52 18
52 19
52 21
52 22
52 25
52 26
52 27
52 30
52 32
52 33
52 34
52 35
52 38
52 39
52 40
52 41
52 46
53 1
53 4
53 5
53 8
53 9
53 10
53 11
53 13
53 15
53 16
53 18
53 19
53 20
53 21
53 22
53 23
53 24
53 25
53 26
53 28
53 32
53 33
53 34
53 35
53 36
53 37
53 40
53 42
53 43
53 44
53 47
53 50
53 51
53 52
54 0
54 2
54 9
54 10
54 11
54 12
54 15
54 17
54 26
54 27
54 30
54 31
54 33
54 34
54 35
54 37
54 38
54 39
54 46
54 47
54 53
55 1
55 3
55 7
55 8
55 10
55 11
55 12
55 13
55 15
55 18
55 21
55 22
55 23
55 25
55 27
55 28
55 31
55 33
55 34
55 35
55 37
55 40
55 41
55 42
55 44
55 47
55 48
55 50
55 51
55 52
55 54
56 2
56 3
56 4
56 5
56 6
56 8
56 11
56 12
56 13
56 14
56 16
56 21
56 22
56 23
56 24
56 29
56 32
56 36
56 37
56 38
56 39
56 41
56 42
56 45
56 47
56 55
57 2
57 4
57 5
57 7
57 10
57 11
57 13
57 14
57 15
57 18
57 19
57 21
57 22
57 25
57 28
57 30
57 31
57 32
57 33
57 34
57 35
57 36
57 39
57 42
57 43
57 45
57 46
57 47
57 48
57 49
57 52
57 55
57 56
58 1
58 6
58 7
58 11
58 13
58 14
58 15
58 22
58 26
58 30
58 33
58 34
58 35
58 36
58 39
58 40
58 42
58 43
58 45
58 46
58 47
58 48
58 54
58 55
58 56
58 57
59 1
59 5
59 7
59 8
59 9
59 10
59 12
59 17
59 19
59 21
59 23
59 30
59 31
59 33
59 34
59 37
59 40
59 41
59 42
59 44
59 45
59 46
59 48
59 49
59 50
59 51
59 55
59 58
60 0
60 1
60 5
60 6
60 7
60 8
60 9
60 11
60 12
60 14
60 21
60 22
60 25
60 27
60 32
60 36
60 43
60 45
60 47
60 48
60 50
60 52
60 53
60 55
60 57
60 58
60 59
61 0
61 3
61 4
61 7
61 10
61 17
61 19
61 21
61 24
61 26
61 27
61 28
61 29
61 30
61 33
61 35
61 37
61 38
61 40
61 44
61 45
61 46
61 47
61 49
61 50
61 51
61 52
61 54
61 56
61 57
61 60
62 1
62 2
62 3
62 5
62 7
62 8
62 9
62 11
62 13
62 14
62 15
62 16
62 17
62 19
62 20
62 22
62 23
62 29
62 30
62 35
62 40
62 41
62 42
62 44
62 45
62 46
62 47
62 48
62 53
62 55
62 59
62 61
63 0
63 3
63 6
63 7
63 11
63 12
63 15
63 16
63 21
63 25
63 34
63 35
63 36
63 37
63 38
63 39
63 40
63 41
63 45
63 48
63 51
63 53
63 58
63 59
63 60
63 61
63 62
64 1
64 3
64 5
64 8
64 14
64 16
64 18
64 23
64 28
64 31
64 33
64 34
64 38
64 40
64 43
64 44
64 48
64 49
64 50
64 51
64 53
64 56
64 59
64 61
64 63
65 1
65 2
65 4
65 6
65 8
65 9
65 10
65 12
65 17
65 19
65 21
65 22
65 23
65 33
65 34
65 43
65 46
65 47
65 50
65 51
65 52
65 55
65 56
65 57
65 63
66 0
66 1
66 2
66 3
66 5
66 8
66 9
66 10
66 11
66 12
66 13
66 14
66 15
66 20
66 21
66 25
66 26
66 27
66 29
66 30
66 34
66 35
66 38
66 39
66 41
66 42
66 44
66 45
66 46
66 47
66 48
66 49
66 51
66 52
66 56
66 58
66 59
66 60
66 62
66 64
66 65
67 0
67 9
67 10
67 12
67 13
67 15
67 16
67 17
67 18
67 20
67 23
67 26
67 27
67 28
67 32
67 34
67 40
67 42
67 43
67 44
67 45
67 47
67 48
67 50
67 51
67 52
67 53
67 55
67 59
67 60
67 63
67 64
68 1
68 3
68 6
68 8
68 9
68 10
68 11
68 12
68 13
68 14
68 16
68 18
68 19
68 20
68 21
68 22
68 23
68 26
68 29
68 30
68 31
68 33
68 34
68 35
68 38
68 40
68 42
68 43
68 45
68 46
68 48
68 49
68 50
68 51
68 56
68 57
68 58
68 62
68 66
68 67
69 3
69 6
69 8
69 9
69 10
69 12
69 13
69 17
69 18
69 19
69 21
69 23
69 24
69 25
69 26
69 28
69 29
69 31
69 32
69 35
69 37
69 39
69 40
69 41
69 42
69 45
69 46
69 47
69 48
69 49
69 52
69 53
69 54
69 55
69 57
69 59
69 68
70 0
70 3
70 5
70 7
70 9
70 10
70 11
70 16
70 20
70 21
70 25
70 26
70 29
70 31
70 33
70 35
70 37
70 40
70 42
70 43
70 44
70 47
70 48
70 52
70 56
70 57
70 58
70 61
70 62
70 63
70 64
70 67
71 0
71 1
71 10
71 12
71 14
71 15
71 18
71 19
71 23
71 24
71 28
71 30
71 33
71 34
71 38
71 39
71 41
71 42
71 44
71 45
71 46
71 47
71 49
71 50
71 52
71 54
71 57
71 65
71 66
71 68
71 69
71 70
72 3
72 4
72 7
72 9
72 11
72 14
72 15
72 16
72 17
72 19
72 21
72 23
72 24
72 26
72 27
72 30
72 31
72 32
72 33
72 37
72 39
72 43
72 44
72 46
72 48
72 49
72 50
72 51
72 52
72 53
72 54
72 56
72 58
72 60
72 61
72 62
72 64
72 65
72 67
72 71
73 0
73 2
73 4
73 7
73 10
73 11
73 13
73 15
73 17
73 18
73 19
73 20
73 21
73 23
73 24
73 26
73 31
73 33
73 34
73 36
73 41
73 43
73 47
73 48
73 49
73 51
73 52
73 53
73 54
73 58
73 61
73 62
73 64
73 65
73 66
73 71
73 72
74 0
74 3
74 5
74 8
74 15
74 16
74 17
74 23
74 24
74 25
74 27
74 30
74 32
74 33
74 34
74 35
74 36
74 37
74 40
74 42
74 44
74 45
74 48
74 49
74 51
74 52
74 53
74 55
74 56
74 60
74 64
74 65
74 67
74 68
74 69
74 70
74 72
74 73
75 6
75 7
75 8
75 9
75 10
75 13
75 14
75 15
75 16
75 17
75 20
75 22
75 23
75 24
75 26
75 28
75 29
75 30
75 33
75 37
75 39
75 40
75 41
75 43
75 44
75 45
75 46
75 52
75 53
75 55
75 57
75 58
75 63
75 64
75 65
75 68
75 70
75 71
75 72
75 73
75 74
76 1
76 2
76 4
76 7
76 10
76 11
76 13
76 17
76 18
76 20
76 21
76 22
76 23
76 24
76 26
76 27
76 30
76 31
76 34
76 36
76 37
76 38
76 40
76 41
76 43
76 45
76 47
76 50
76 51
76 53
76 55
76 57
76 58
76 61
76 62
76 69
76 72
77 2
77 5
77 6
77 7
77 9
77 11
77 13
77 16
77 18
77 19
77 21
77 23
77 24
77 26
77 29
77 31
77 32
77 34
77 35
77 38
77 44
77 46
77 48
77 52
77 53
77 54
77 55
77 56
77 57
77 58
77 60
77 61
77 65
77 69
77 76
78 0
78 3
78 5
78 7
78 8
78 9
78 11
78 14
78 16
78 20
78 22
78 23
78 24
78 27
78 29
78 30
78 32
78 34
78 35
78 36
78 38
78 39
78 40
78 41
78 43
78 46
78 52
78 55
78 58
78 59
78 60
78 63
78 66
78 70
78 71
78 72
78 74
78 75
78 77
79 1
79 4
79 5
79 8
79 11
79 13
79 14
79 17
79 21
79 22
79 24
79 25
79 27
79 32
79 33
79 34
79 35
79 37
79 43
79 44
79 45
79 47
79 48
79 57
79 62
79 63
79 66
79 68
79 69
79 71
79 72
79 74
79 77
80 2
80 3
80 5
80 6
80 7
80 9
80 10
80 11
80 13
80 15
80 18
80 20
80 21
80 22
80 30
80 32
80 33
80 35
80 39
80 43
80 44
80 45
80 46
80 47
80 51
80 53
80 54
80 55
80 57
80 58
80 59
80 60
80 68
80 71
80 73
80 74
80 78
81 2
81 3
81 5
81 6
81 7
81 12
81 14
81 16
81 20
81 21
81 23
81 24
81 31
81 33
81 34
81 35
81 36
81 39
81 40
81 41
81 43
81 46
81 47
81 48
81 51
81 52
81 56
81 57
81 59
81 60
81 62
81 66
81 68
81 70
81 72
81 74
81 75
81 76
81 77
81 78
81 80
82 0
82 1
82 2
82 5
82 6
82 7
82 8
82 9
82 11
82 12
82 13
82 14
82 15
82 16
82 18
82 20
82 21
82 22
82 23
82 24
82 25
82 27
82 29
82 30
82 33
82 34
82 35
82 36
82 43
82 44
82 45
82 46
82 48
82 50
82 51
82 55
82 58
82 59
82 60
82 64
82 65
82 70
82 72
82 73
82 75
82 76
82 81
83 1
83 8
83 10
83 11
83 12
83 13
83 18
83 19
83 20
83 23
83 24
83 25
83 27
83 28
83 29
83 31
83 32
83 34
83 35
83 36
83 41
83 43
83 45
83 47
83 50
83 51
83 54
83 56
83 60
83 64
83 66
83 70
83 72
83 75
83 76
83 77
83 78
83 82
84 1
84 4
84 6
84 7
84 11
84 12
84 13
84 14
84 15
84 18
84 20
84 22
84 23
84 24
84 29
84 31
84 34
84 35
84 38
84 39
84 40
84 41
84 43
84 47
84 48
84 52
84 53
84 54
84 62
84 63
84 64
84 65
84 66
84 67
84 69
84 70
84 71
84 74
84 75
84 77
84 79
84 83
85 1
85 3
85 6
85 7
85 8
85 9
85 10
85 12
85 14
85 15
85 17
85 18
85 21
85 22
85 24
85 26
85 27
85 30
85 31
85 34
85 35
85 37
85 41
85 43
85 44
85 45
85 46
85 48
85 50
85 53
85 54
85 55
85 58
85 59
85 61
85 63
85 64
85 67
85 68
85 69
85 71
85 72
85 75
85 80
85 83
85 84
86 2
86 3
86 4
86 5
86 6
86 7
86 10
86 12
86 14
86 16
86 17
86 18
86 19
86 21
86 22
86 24
86 27
86 29
86 32
86 33
86 34
86 35
86 36
86 37
86 38
86 40
86 41
86 43
86 44
86 46
86 47
86 48
86 54
86 56
86 59
86 60
86 63
86 66
86 67
86 68
86 69
86 71
86 72
86 73
86 75
86 76
86 77
86 79
86 81
86 82
86 83
87 2
87 3
87 4
87 5
87 7
87 8
87 9
87 13
87 15
87 16
87 18
87 21
87 24
87 29
87 31
87 32
87 33
87 34
87 35
87 36
87 40
87 41
87 42
87 45
87 46
87 47
87 48
87 53
87 55
87 56
87 60
87 62
87 63
87 70
87 71
87 72
87 74
87 76
87 77
87 78
87 79
87 82
87 84
88 0
88 1
88 4
88 6
88 8
88 9
88 17
88 20
88 21
88 23
88 24
88 25
88 26
88 28
88 30
88 31
88 32
88 34
88 35
88 36
88 38
88 40
88 41
88 45
88 46
88 49
88 50
88 51
88 53
88 54
88 56
88 59
88 66
88 67
88 69
88 73
88 75
88 77
88 78
88 79
88 80
88 81
88 84
88 85
88 87
89 0
89 4
89 5
89 6
89 7
89 9
89 10
89 12
89 16
89 18
89 20
89 22
89 23
89 24
89 27
89 28
89 31
89 32
89 34
89 35
89 36
89 37
89 45
89 48
89 49
89 54
89 55
89 60
89 61
89 62
89 64
89 65
89 66
89 67
89 71
89 74
89 75
89 79
89 80
89 81
89 83
89 84
89 86
89 87
90 0
90 1
90 2
90 4
90 5
90 7
90 8
90 9
90 10
90 11
90 12
90 13
90 18
90 21
90 22
90 24
90 27
90 28
90 36
90 37
90 39
90 41
90 42
90 45
90 47
90 49
90 50
90 51
90 52
90 55
90 56
90 60
90 61
90 62
90 67
90 68
90 69
90 70
90 75
90 77
90 79
90 80
90 81
90 85
90 86
90 87
91 0
91 2
91 3
91 5
91 7
91 8
91 9
91 11
91 14
91 17
91 20
91 23
91 26
91 27
91 31
91 34
91 39
91 40
91 44
91 48
91 51
91 52
91 53
91 54
91 55
91 56
91 57
91 58
91 60
91 61
91 63
91 65
91 68
91 69
91 71
91 72
91 73
91 74
91 76
91 77
91 79
91 81
91 82
91 83
91 86
91 88
91 89
92 0
92 8
92 10
92 13
92 15
92 16
92 17
92 18
92 20
92 25
92 28
92 30
92 32
92 35
92 37
92 38
92 39
92 40
92 45
92 46
92 47
92 48
92 49
92 50
92 52
92 53
92 54
92 55
92 60
92 61
92 64
92 65
92 66
92 73
92 80
92 84
92 88
93 0
93 2
93 3
93 5
93 6
93 7
93 9
93 17
93 19
93 21
93 22
93 27
93 28
93 30
93 33
93 35
93 36
93 37
93 39
93 40
93 43
93 44
93 47
93 48
93 49
93 50
93 56
93 57
93 58
93 60
93 61
93 62
93 63
93 64
93 65
93 68
93 70
93 71
93 72
93 77
93 81
93 86
93 87
93 89
93 90
93 91
94 3
94 4
94 6
94 7
94 9
94 11
94 12
94 13
94 16
94 17
94 21
94 22
94 25
94 26
94 29
94 32
94 33
94 34
94 36
94 40
94 42
94 43
94 46
94 51
94 52
94 53
94 54
94 55
94 56
94 57
94 59
94 61
94 62
94 65
94 66
94 68
94 69
94 71
94 79
94 86
94 87
94 88
94 90
94 91
94 92
95 2
95 4
95 5
95 15
95 17
95 18
95 21
95 25
95 30
95 33
95 34
95 36
95 44
95 45
95 48
95 49
95 50
95 52
95 54
95 55
95 56
95 57
95 60
95 61
95 62
95 64
95 67
95 68
95 69
95 70
95 71
95 72
95 74
95 76
95 79
95 80
95 82
95 85
95 87
95 88
95 90
95 94
96 1
96 3
96 5
96 6
96 8
96 10
96 11
96 14
96 16
96 17
96 19
96 20
96 21
96 22
96 23
96 25
96 31
96 32
96 35
96 36
96 37
96 39
96 44
96 46
96 47
96 49
96 51
96 55
96 60
96 61
96 62
96 65
96 68
96 70
96 71
96 72
96 76
96 77
96 78
96 80
96 82
96 88
96 94
97 0
97 3
97 14
97 16
97 17
97 18
97 21
97 23
97 24
97 28
97 30
97 38
97 41
97 43
97 45
97 46
97 47
97 57
97 58
97 60
97 62
97 63
97 65
97 69
97 70
97 71
97 72
97 77
97 79
97 82
97 83
97 86
97 87
97 88
97 91
97 94
97 95
97 96
98 0
98 1
98 7
98 8
98 9
98 11
98 12
98 13
98 14
98 16
98 17
98 19
98 20
98 22
98 23
98 32
98 35
98 36
98 37
98 39
98 41
98 43
98 47
98 48
98 50
98 54
98 56
98 58
98 59
98 60
98 61
98 62
98 70
98 80
98 81
98 85
98 87
98 89
98 91
98 92
98 95
99 0
99 5
99 7
99 9
99 12
99 13
99 16
99 22
99 23
99 25
99 27
99 28
99 29
99 30
99 34
99 35
99 37
99 39
99 40
99 41
99 46
99 47
99 50
99 51
99 52
99 53
99 58
99 59
99 60
99 61
99 65
99 66
99 69
99 70
99 72
99 73
99 75
99 81
99 82
99 84
99 87
99 90
99 92
99 93
99 95
100 1
100 4
100 6
100 7
100 9
100 11
100 16
100 18
100 20
100 21
100 22
100 25
100 26
100 28
100 29
100 32
100 34
100 36
100 42
100 45
100 46
100 49
100 50
100 51
100 53
100 61
100 63
100 64
100 65
100 67
100 70
100 71
100 72
100 74
100 77
100 81
100 86
100 87
100 92
100 93
100 99
101 0
101 1
101 2
101 7
101 10
101 12
101 13
101 14
101 22
101 26
101 28
101 29
101 30
101 33
101 35
101 36
101 37
101 43
101 44
101 46
101 48
101 53
101 55
101 58
101 59
101 60
101 61
101 65
101 66
101 69
101 72
101 73
101 75
101 78
101 81
101 83
101 84
101 85
101 86
101 87
101 88
101 89
101 90
101 91
101 95
101 96
101 97
102 0
102 1
102 2
102 6
102 8
102 9
102 11
102 13
102 16
102 19
102 22
102 23
102 24
102 26
102 27
102 29
102 31
102 38
102 40
102 41
102 42
102 43
102 44
102 47
102 48
102 52
102 55
102 56
102 57
102 59
102 61
102 62
102 64
102 65
102 66
102 68
102 70
102 71
102 75
102 76
102 77
102 80
102 81
102 83
102 84
102 87
102 88
102 89
102 91
102 97
102 101
103 0
103 3
103 4
103 7
103 9
103 11
103 13
103 14
103 17
103 20
103 21
103 22
103 23
103 24
103 27
103 28
103 30
103 32
103 33
103 34
103 35
103 38
103 39
103 40
103 42
103 43
103 44
103 46
103 51
103 52
103 57
103 61
103 63
103 64
103 69
103 70
103 73
103 74
103 77
103 80
103 81
103 82
103 84
103 85
103 86
103 89
103 92
103 93
103 95
103 96
103 97
103 98
103 100
103 101
104 0
104 1
104 4
104 6
104 7
104 10
104 11
104 17
104 20
104 25
104 26
104 29
104 34
104 36
104 37
104 43
104 44
104 47
104 48
104 49
104 50
104 52
104 54
104 57
104 58
104 60
104 61
104 63
104 64
104 65
104 66
104 67
104 69
104 71
104 75
104 76
104 77
104 80
104 81
104 82
104 83
104 88
104 93
104 94
104 95
104 98
104 102
104 103
105 0
105 1
105 2
105 6
105 9
105 10
105 11
105 13
105 14
105 16
105 17
105 21
105 23
105 24
105 25
105 28
105 31
105 32
105 37
105 40
105 45
105 47
105 49
105 51
105 54
105 56
105 57
105 59
105 60
105 61
105 62
105 63
105 64
105 65
105 66
105 69
105 73
105 75
105 79
105 83
105 84
105 85
105 86
105 88
105 91
105 92
105 93
105 95
105 97
105 98
105 99
105 100
105 104
106 0
106 1
106 6
106 7
106 8
106 9
106 11
106 12
106 13
106 14
106 15
106 17
106 23
106 25
106 30
106 31
106 35
106 41
106 42
106 43
106 44
106 45
106 49
106 51
106 53
106 54
106 58
106 59
106 62
106 64
106 65
106 66
106 68
106 69
106 71
106 74
106 75
106 76
106 78
106 82
106 85
106 86
106 87
106 88
106 92
106 93
106 95
106 96
106 98
106 101
106 103
107 0
107 2
107 3
107 6
107 7
107 8
107 9
107 14
107 16
107 18
107 19
107 20
107 22
107 23
107 24
107 25
107 26
107 27
107 28
107 31
107 33
107 36
107 38
107 40
107 42
107 45
107 48
107 54
107 55
107 56
107 57
107 58
107 59
107 60
107 61
107 62
107 63
107 70
107 79
107 80
107 81
107 83
107 84
107 85
107 86
107 87
107 89
107 90
107 91
107 95
107 98
107 99
107 101
107 102
107 105
107 106
108 5
108 6
108 7
108 9
108 10
108 11
108 15
108 19
108 22
108 23
108 24
108 26
108 27
108 28
108 30
108 31
108 36
108 37
108 39
108 40
108 43
108 44
108 45
108 48
108 49
108 50
108 52
108 53
108 55
108 56
108 57
108 59
108 60
108 62
108 63
108 65
108 67
108 71
108 72
108 73
108 74
108 80
108 82
108 83
108 84
108 85
108 86
108 87
108 91
108 93
108 95
108 96
108 97
108 98
108 99
108 102
108 103
108 104
109 1
109 2
109 3
109 5
109 7
109 12
109 13
109 14
109 16
109 17
109 19
109 20
109 22
109 24
109 27
109 28
109 29
109 30
109 32
109 33
109 34
109 35
109 39
109 41
109 42
109 43
109 45
109 48
109 50
109 54
109 56
109 59
109 60
109 61
109 62
109 65
109 67
109 68
109 71
109 74
109 76
109 77
109 80
109 82
109 83
109 84
109 86
109 88
109 90
109 92
109 93
109 94
109 97
109 98
109 99
109 102
109 104
109 106
109 107
109 108
110 0
110 3
110 8
110 9
110 12
110 16
110 18
110 19
110 22
110 24
110 25
110 29
110 33
110 34
110 35
110 37
110 38
110 40
110 43
110 44
110 46
110 48
110 51
110 52
110 53
110 54
110 56
110 57
110 59
110 60
110 61
110 66
110 68
110 71
110 72
110 73
110 79
110 85
110 88
110 89
110 92
110 94
110 95
110 100
110 108
111 4
111 5
111 8
111 9
111 10
111 11
111 12
111 19
111 23
111 24
111 25
111 27
111 32
111 33
111 35
111 37
111 38
111 39
111 40
111 41
111 44
111 45
111 46
111 48
111 49
111 50
111 51
111 53
111 54
111 56
111 59
111 60
111 62
111 63
111 64
111 69
111 71
111 72
111 73
111 77
111 78
111 79
111 80
111 82
111 83
111 86
111 87
111 89
111 94
111 97
111 99
111 100
111 101
111 106
111 107
112 1
112 3
112 4
112 6
112 10
112 11
112 12
112 13
112 14
112 17
112 19
112 21
112 23
112 27
112 28
112 32
112 36
112 37
112 43
112 45
112 46
112 47
112 48
112 51
112 54
112 56
112 57
112 60
112 61
112 62
112 64
112 65
112 67
112 68
112 70
112 71
112 73
112 74
112 77
112 79
112 81
112 82
112 85
112 86
112 87
112 89
112 90
112 91
112 92
112 93
112 94
112 95
112 97
112 99
112 100
112 101
112 103
112 104
112 107
112 108
112 109
112 110
112 111
113 3
113 4
113 5
113 6
113 8
113 10
113 11
113 16
113 19
113 20
113 26
113 27
113 29
113 30
113 31
113 33
113 36
113 37
113 38
113 43
113 46
113 50
113 51
113 54
113 55
113 57
113 58
113 59
113 67
113 69
113 71
113 72
113 76
113 77
113 79
113 82
113 84
113 85
113 86
113 87
113 91
113 92
113 94
113 96
113 99
113 101
113 103
113 105
113 108
113 109
113 111
114 0
114 1
114 2
114 3
114 4
114 5
114 6
114 9
114 11
114 14
114 15
114 21
114 25
114 28
114 31
114 32
114 33
114 34
114 35
114 36
114 38
114 40
114 41
114 42
114 43
114 44
114 47
114 49
114 51
114 55
114 56
114 57
114 58
114 59
114 60
114 61
114 63
114 64
114 65
114 67
114 69
114 70
114 71
114 72
114 76
114 77
114 82
114 84
114 85
114 91
114 92
114 93
114 95
114 97
114 100
114 105
114 106
114 109
115 2
115 4
115 6
115 10
115 11
115 14
115 15
115 16
115 18
115 19
115 23
115 26
115 27
115 29
115 30
115 31
115 33
115 34
115 37
115 38
115 40
115 44
115 45
115 46
115 47
115 49
115 50
115 52
115 55
115 56
115 57
115 58
115 61
115 62
115 67
115 69
115 70
115 73
115 75
115 76
115 82
115 83
115 85
115 86
115 87
115 89
115 90
115 93
115 94
115 101
115 103
115 105
115 107
115 108
115 110
115 111
115 114
116 1
116 3
116 11
116 12
116 13
116 16
116 18
116 20
116 22
116 23
116 24
116 26
116 27
116 31
116 32
116 34
116 35
116 36
116 37
116 40
116 42
116 43
116 45
116 46
116 48
116 49
116 51
116 52
116 53
116 55
116 57
116 59
116 60
116 63
116 64
116 65
116 66
116 67
116 68
116 69
116 70
116 71
116 80
116 81
116 86
116 87
116 88
116 91
116 92
116 93
116 99
116 100
116 101
116 104
116 105
116 108
116 109
116 110
116 113
116 114
116 115
117 1
117 2
117 3
117 4
117 5
117 6
117 8
117 9
117 11
117 13
117 16
117 18
117 19
117 20
117 22
117 23
117 28
117 29
117 30
117 33
117 35
117 37
117 41
117 42
117 43
117 44
117 47
117 49
117 53
117 56
117 57
117 58
117 59
117 63
117 64
117 66
117 68
117 69
117 72
117 79
117 80
117 82
117 83
117 84
117 85
117 87
117 89
117 90
117 91
117 93
117 94
117 95
117 96
117 99
117 101
117 103
117 106
117 110
117 113
117 116
118 1
118 2
118 4
118 5
118 6
118 7
118 15
118 18
118 19
118 22
118 23
118 24
118 27
118 28
118 29
118 31
118 35
118 36
118 38
118 41
118 44
118 45
118 47
118 48
118 50
118 51
118 60
118 63
118 66
118 71
118 75
118 76
118 78
118 79
118 82
118 83
118 84
118 88
118 92
118 93
118 96
118 107
118 110
118 111
118 112
118 113
118 114
118 115
118 116
118 117
119 0
119 1
119 2
119 3
119 5
119 6
119 7
119 9
119 11
119 13
119 14
119 15
119 16
119 20
119 21
119 23
119 24
119 26
119 27
119 28
119 31
119 34
119 40
119 41
119 42
119 43
119 47
119 48
119 49
119 50
119 53
119 54
119 56
119 58
119 60
119 62
119 63
119 65
119 67
119 69
119 70
119 74
119 75
119 77
119 78
119 79
119 84
119 85
119 87
119 91
119 92
119 93
119 94
119 97
119 98
119 100
119 101
119 104
119 109
119 115
119 117
119 118
120 1
120 2
120 3
120 8
120 11
120 13
120 18
120 19
120 21
120 22
120 24
120 25
120 26
120 28
120 29
120 30
120 31
120 32
120 33
120 36
120 37
120 39
120 41
120 43
120 44
120 46
120 47
120 49
120 50
120 51
120 54
120 55
120 56
120 59
120 60
120 61
120 63
120 64
120 65
120 66
120 68
120 69
120 70
120 74
120 79
120 81
120 82
120 83
120 85
120 87
120 90
120 96
120 100
120 103
120 104
120 105
120 108
120 109
120 110
120 111
120 112
120 113
120 115
120 116
120 118
120 119
121 0
121 1
121 3
121 5
121 13
121 14
121 15
121 20
121 22
121 23
121 24
121 25
121 26
121 27
121 28
121 30
121 32
121 36
121 40
121 41
121 42
121 43
121 48
121 49
121 50
121 51
121 52
121 53
121 55
121 56
121 61
121 65
121 69
121 71
121 73
121 75
121 77
121 78
121 79
121 80
121 83
121 85
121 87
121 93
121 94
121 97
121 101
121 102
121 103
121 107
121 108
121 109
121 110
121 111
121 113
121 115
121 116
121 119
122 2
122 4
122 8
122 12
122 15
122 17
122 18
122 19
122 20
122 23
122 26
122 27
122 30
122 31
122 40
122 44
122 45
122 48
122 54
122 55
122 56
122 57
122 58
122 59
122 62
122 64
122 65
122 69
122 72
122 73
122 74
122 75
122 77
122 80
122 81
122 82
122 84
122 85
122 86
122 88
122 91
122 92
122 100
122 101
122 103
122 105
122 107
122 108
122 109
122 110
122 111
122 114
122 117
122 118
122 121
123 1
123 2
123 3
123 4
123 5
123 8
123 9
123 12
123 13
123 15
123 16
123 17
123 19
123 20
123 22
123 26
123 27
123 28
123 29
123 31
123 32
123 38
123 39
123 43
123 44
123 46
123 51
123 53
123 55
123 57
123 59
123 61
123 63
123 64
123 65
123 69
123 70
123 77
123 78
123 80
123 86
123 88
123 92
123 94
123 95
123 98
123 100
123 101
123 102
123 103
123 105
123 109
123 110
123 112
123 113
123 115
123 116
123 117
123 119
124 2
124 3
124 8
124 9
124 12
124 14
124 15
124 17
124 18
124 21
124 23
124 25
124 27
124 28
124 30
124 31
124 34
124 35
124 36
124 40
124 43
124 46
124 50
124 51
124 53
124 56
124 57
124 59
124 60
124 64
124 65
124 66
124 67
124 69
124 70
124 71
124 74
124 75
124 76
124 80
124 81
124 82
124 84
124 86
124 87
124 88
124 89
124 91
124 93
124 94
124 95
124 96
124 97
124 99
124 100
124 104
124 108
124 112
124 114
124 116
124 118
124 119
125 0
125 1
125 2
125 8
125 9
125 13
125 15
125 17
125 23
125 24
125 25
125 26
125 27
125 28
125 30
125 36
125 37
125 41
125 42
125 47
125 50
125 52
125 53
125 57
125 60
125 61
125 65
125 67
125 71
125 75
125 78
125 80
125 82
125 84
125 85
125 89
125 93
125 97
125 99
125 100
125 101
125 102
125 105
125 106
125 107
125 111
125 112
125 113
125 114
125 115
125 116
125 118
125 120
125 121
125 124
126 0
126 3
126 4
126 5
126 6
126 7
126 8
126 10
126 11
126 12
126 14
126 19
126 20
126 22
126 23
126 24
126 28
126 29
126 35
126 41
126 42
126 45
126 46
126 47
126 48
126 49
126 52
126 54
126 56
126 57
126 58
126 61
126 62
126 69
126 72
126 74
126 78
126 79
126 80
126 81
126 83
126 85
126 86
126 87
126 91
126 100
126 101
126 102
126 103
126 106
126 108
126 111
126 116
126 117
126 119
126 122
126 125
127 2
127 3
127 6
127 7
127 8
127 9
127 10
127 12
127 13
127 14
127 17
127 21
127 24
127 25
127 26
127 29
127 31
127 36
127 37
127 41
127 42
127 49
127 50
127 52
127 56
127 58
127 62
127 65
127 66
127 67
127 68
127 73
127 75
127 76
127 77
127 79
127 84
127 85
127 86
127 88
127 90
127 92
127 95
127 97
127 98
127 99
127 101
127 103
127 104
127 108
127 110
127 112
127 113
127 117
127 118
127 120
127 123
127 124
127 126
128 1
128 4
128 6
128 7
128 10
128 11
128 14
128 15
128 17
128 19
128 21
128 23
128 24
128 26
128 28
128 29
128 31
128 33
128 36
128 37
128 40
128 41
128 42
128 44
128 47
128 50
128 51
128 52
128 53
128 54
128 56
128 57
128 58
128 59
128 62
128 63
128 64
128 65
128 68
128 70
128 72
128 73
128 76
128 80
128 81
128 82
128 84
128 86
128 87
128 95
128 96
128 101
128 102
128 108
128 109
128 112
128 114
128 118
128 119
128 122
129 1
129 5
129 6
129 8
129 11
129 13
129 20
129 22
129 24
129 25
129 27
129 28
129 31
129 32
129 33
129 34
129 37
129 40
129 41
129 42
129 43
129 44
129 45
129 46
129 47
129 53
129 54
129 56
129 58
129 64
129 68
129 69
129 70
129 71
129 75
129 78
129 80
129 81
129 84
129 85
129 88
129 90
129 91
129 93
129 94
129 96
129 98
129 99
129 107
129 108
129 109
129 113
129 114
129 115
129 121
129 122
129 124
129 125
129 126
129 127
129 128
130 4
130 5
130 6
130 7
130 8
130 9
130 10
130 11
130 12
130 13
130 14
130 20
130 21
130 22
130 24
130 26
130 28
130 29
130 30
130 31
130 34
130 36
130 37
130 38
130 39
130 40
130 41
130 44
130 46
130 47
130 50
130 52
130 53
130 55
130 56
130 57
130 61
130 63
130 65
130 68
130 69
130 70
130 72
130 74
130 77
130 80
130 82
130 83
130 84
130 85
130 87
130 88
130 90
130 91
130 93
130 94
130 96
130 102
130 109
130 110
130 111
130 112
130 117
130 118
130 119
130 121
130 122
130 124
130 125
130 126
130 127
130 128
131 1
131 3
131 5
131 6
131 7
131 10
131 12
131 13
131 15
131 18
131 20
131 22
131 25
131 27
131 29
131 30
131 31
131 33
131 34
131 35
131 36
131 44
131 48
131 49
131 52
131 53
131 54
131 55
131 59
131 60
131 62
131 68
131 71
131 73
131 76
131 79
131 82
131 83
131 84
131 85
131 86
131 88
131 89
131 90
131 91
131 93
131 94
131 96
131 97
131 98
131 101
131 103
131 104
131 106
131 107
131 108
131 109
131 111
131 114
131 116
131 119
131 122
131 124
131 125
131 126
131 127
131 128
131 130
132 1
132 2
132 3
132 5
132 8
132 9
132 13
132 17
132 18
132 21
132 22
132 24
132 28
132 29
132 30
132 32
132 34
132 40
132 41
132 44
132 48
132 53
132 54
132 55
132 57
132 58
132 59
132 60
132 61
132 62
132 65
132 68
132 69
132 71
132 72
132 73
132 74
132 78
132 79
132 80
132 83
132 84
132 87
132 88
132 94
132 97
132 98
132 99
132 100
132 101
132 102
132 107
132 108
132 110
132 114
132 115
132 118
132 119
132 121
132 123
132 125
132 128
132 129
133 1
133 2
133 3
133 5
133 6
133 8
133 9
133 10
133 12
133 13
133 15
133 16
133 18
133 22
133 25
133 26
133 28
133 31
133 37
133 38
133 39
133 40
133 43
133 44
133 47
133 48
133 49
133 51
133 53
133 55
133 56
133 57
133 58
133 63
133 64
133 65
133 67
133 68
133 69
133 70
133 71
133 72
133 73
133 79
133 82
133 83
133 85
133 87
133 91
133 92
133 93
133 96
133 100
133 101
133 102
133 106
133 107
133 108
133 109
133 110
133 111
133 112
133 114
133 115
133 117
133 118
133 120
133 126
133 127
133 128
133 129
133 130
133 132
134 0
134 2
134 3
134 7
134 9
134 10
134 14
134 16
134 17
134 21
134 22
134 26
134 27
134 30
134 38
134 42
134 43
134 44
134 47
134 51
134 54
134 55
134 58
134 62
134 63
134 66
134 69
134 70
134 71
134 82
134 87
134 89
134 90
134 91
134 92
134 93
134 96
134 97
134 99
134 104
134 106
134 107
134 108
134 109
134 114
134 118
134 119
134 120
134 121
134 124
134 125
134 127
134 128
134 129
134 130
134 132
135 2
135 5
135 6
135 8
135 9
135 13
135 14
135 16
135 17
135 18
135 23
135 28
135 29
135 32
135 33
135 34
135 36
135 39
135 41
135 43
135 45
135 46
135 49
135 51
135 52
135 53
135 56
135 59
135 62
135 67
135 68
135 69
135 70
135 73
135 74
135 79
135 80
135 83
135 84
135 86
135 87
135 88
135 91
135 92
135 93
135 94
135 95
135 98
135 99
135 100
135 101
135 103
135 104
135 105
135 107
135 112
135 114
135 115
135 116
135 117
135 123
135 126
135 129
135 131
135 134
136 2
136 4
136 5
136 6
136 7
136 8
136 9
136 10
136 12
136 16
136 17
136 21
136 22
136 24
136 25
136 26
136 27
136 30
136 31
136 32
136 34
136 40
136 41
136 43
136 45
136 46
136 49
136 50
136 52
136 57
136 62
136 63
136 64
136 65
136 67
136 68
136 69
136 70
136 71
136 73
136 75
136 78
136 79
136 80
136 82
136 83
136 84
136 86
136 94
136 96
136 97
136 98
136 99
136 101
136 109
136 110
136 113
136 114
136 117
136 119
136 121
136 123
136 124
136 126
136 127
136 129
136 134
136 135
137 4
137 5
137 6
137 8
137 10
137 14
137 16
137 17
137 18
137 20
137 21
137 22
137 23
137 27
137 28
137 29
137 30
137 31
137 35
137 36
137 42
137 44
137 50
137 51
137 52
137 54
137 55
137 56
137 58
137 60
137 61
137 64
137 67
137 72
137 73
137 74
137 77
137 78
137 79
137 82
137 83
137 84
137 86
137 87
137 90
137 93
137 95
137 97
137 98
137 99
137 101
137 103
137 105
137 107
137 108
137 109
137 111
137 113
137 114
137 115
137 116
137 120
137 123
137 125
137 126
137 130
137 132
137 134
137 135
137 136
138 2
138 5
138 6
138 7
138 9
138 11
138 13
138 17
138 19
138 22
138 27
138 28
138 30
138 31
138 32
138 36
138 37
138 38
138 40
138 42
138 46
138 47
138 48
138 49
138 54
138 55
138 56
138 60
138 61
138 64
138 66
138 67
138 70
138 72
138 73
138 75
138 77
138 80
138 81
138 84
138 85
138 86
138 88
138 89
138 90
138 93
138 94
138 96
138 98
138 100
138 101
138 104
138 105
138 107
138 108
138 110
138 111
138 112
138 114
138 115
138 116
138 117
138 121
138 122
138 123
138 129
138 132
138 133
138 134
138 135
138 136
138 137
139 0
139 2
139 3
139 7
139 8
139 16
139 17
139 18
139 19
139 24
139 25
139 26
139 28
139 29
139 31
139 32
139 38
139 43
139 45
139 46
139 50
139 51
139 52
139 53
139 54
139 55
139 56
139 57
139 58
139 61
139 62
139 64
139 68
139 74
139 75
139 78
139 86
139 87
139 88
139 92
139 95
139 97
139 98
139 100
139 105
139 106
139 107
139 111
139 112
139 114
139 120
139 121
139 124
139 125
139 129
139 132
139 134
139 137
140 0
140 2
140 3
140 4
140 7
140 8
140 9
140 10
140 12
140 13
140 15
140 16
140 17
140 20
140 21
140 28
140 29
140 30
140 31
140 33
140 34
140 35
140 36
140 39
140 40
140 42
140 48
140 50
140 51
140 53
140 54
140 58
140 61
140 66
140 69
140 70
140 71
140 73
140 75
140 76
140 79
140 80
140 81
140 83
140 84
140 88
140 89
140 91
140 93
140 96
140 99
140 102
140 103
140 104
140 105
140 107
140 110
140 111
140 114
140 115
140 116
140 117
140 118
140 119
140 123
140 124
140 125
140 126
140 127
140 128
140 131
140 133
140 134
140 136
140 137
140 139
141 0
141 2
141 4
141 9
141 10
141 11
141 13
141 15
141 18
141 19
141 20
141 22
141 24
141 25
141 26
141 27
141 28
141 31
141 32
141 38
141 39
141 40
141 43
141 44
141 46
141 48
141 50
141 51
141 52
141 54
141 57
141 58
141 62
141 63
141 69
141 72
141 75
141 76
141 77
141 78
141 82
141 83
141 84
141 89
141 91
141 98
141 100
141 101
141 102
141 103
141 105
141 106
141 107
141 110
141 111
141 112
141 113
141 114
141 115
141 117
141 118
141 120
141 123
141 126
141 128
141 130
141 131
141 136
141 140
142 0
142 1
142 2
142 3
142 4
142 5
142 8
142 10
142 12
142 13
142 14
142 15
142 20
142 21
142 23
142 24
142 25
142 28
142 30
142 34
142 35
142 36
142 39
142 41
142 43
142 44
142 45
142 46
142 47
142 49
142 52
142 57
142 58
142 59
142 63
142 64
142 66
142 67
142 69
142 70
142 72
142 73
142 75
142 76
142 77
142 81
142 84
142 88
142 89
142 95
142 96
142 97
142 98
142 99
142 104
142 106
142 107
142 110
142 111
142 112
142 114
142 115
142 119
142 122
142 124
142 125
142 129
142 131
142 132
142 134
142 135
142 136
142 137
142 140
143 0
143 3
143 4
143 8
143 9
143 10
143 12
143 17
143 19
143 22
143 23
143 26
143 28
143 33
143 34
143 36
143 40
143 41
143 42
143 43
143 45
143 46
143 47
143 48
143 49
143 50
143 51
143 53
143 56
143 58
143 59
143 62
143 63
143 64
143 65
143 66
143 70
143 71
143 74
143 79
143 82
143 84
143 87
143 91
143 94
143 95
143 96
143 97
143 99
143 100
143 101
143 102
143 103
143 104
143 106
143 108
143 111
143 112
143 113
143 114
143 119
143 120
143 123
143 125
143 128
143 138
143 142
144 4
144 5
144 6
144 7
144 8
144 11
144 12
144 15
144 16
144 19
144 23
144 24
144 25
144 26
144 30
144 32
144 34
144 38
144 39
144 44
144 45
144 47
144 48
144 50
144 51
144 54
144 56
144 57
144 59
144 64
144 66
144 67
144 69
144 70
144 72
144 73
144 74
144 76
144 78
144 81
144 82
144 84
144 86
144 88
144 92
144 96
144 100
144 101
144 102
144 104
144 106
144 111
144 112
144 117
144 119
144 120
144 121
144 122
144 124
144 125
144 129
144 131
144 132
144 134
144 137
144 138
145 0
145 1
145 4
145 5
145 8
145 9
145 10
145 11
145 12
145 13
145 16
145 25
145 26
145 27
145 31
145 33
145 35
145 37
145 38
145 39
145 42
145 43
145 49
145 51
145 52
145 53
145 57
145 58
145 59
145 60
145 66
145 68
145 72
145 79
145 80
145 81
145 83
145 85
145 87
145 92
145 93
145 95
145 98
145 100
145 103
145 105
145 106
145 108
145 109
145 111
145 112
145 114
145 116
145 117
145 118
145 120
145 126
145 129
145 130
145 132
145 134
145 136
145 138
145 141
145 143
145 144
146 1
146 2
146 4
146 5
146 6
146 15
146 19
146 20
146 22
146 24
146 32
146 34
146 35
146 36
146 40
146 43
146 44
146 45
146 46
146 48
146 50
146 51
146 54
146 56
146 57
146 60
146 61
146 63
146 64
146 65
146 67
146 69
146 70
146 71
146 72
146 74
146 76
146 77
146 79
146 80
146 84
146 88
146 89
146 90
146 91
146 92
146 93
146 95
146 96
146 97
146 99
146 100
146 101
146 102
146 104
146 106
146 107
146 108
146 109
146 111
146 114
146 115
146 116
146 118
146 120
146 121
146 122
146 123
146 128
146 131
146 133
146 135
146 137
146 138
146 140
146 141
146 142
146 143
146 144
147 3
147 4
147 5
147 6
147 7
147 8
147 9
147 10
147 12
147 16
147 17
147 18
147 21
147 22
147 26
147 27
147 32
147 39
147 40
147 46
147 47
147 49
147 52
147 53
147 54
147 56
147 58
147 60
147 61
147 62
147 64
147 65
147 66
147 67
147 68
147 70
147 71
147 72
147 78
147 80
147 82
147 83
147 84
147 85
147 86
147 87
147 90
147 91
147 92
147 93
147 95
147 98
147 101
147 102
147 105
147 107
147 108
147 111
147 113
147 116
147 120
147 124
147 126
147 127
147 128
147 130
147 132
147 133
147 135
147 136
147 137
147 139
147 140
147 141
147 145
148 0
148 1
148 4
148 10
148 13
148 16
148 17
148 18
148 19
148 20
148 22
148 24
148 26
148 28
148 33
148 36
148 37
148 38
148 40
148 41
148 42
148 44
148 45
148 46
148 47
148 48
148 51
148 52
148 54
148 60
148 62
148 63
148 64
148 69
148 73
148 74
148 76
148 78
148 80
148 81
148 82
148 87
148 89
148 90
148 93
148 94
148 95
148 96
148 99
148 100
148 102
148 103
148 104
148 106
148 108
148 109
148 110
148 111
148 114
148 118
148 119
148 120
148 122
148 123
148 127
148 130
148 133
148 134
148 135
148 137
148 138
148 139
148 140
148 143
148 144
148 145
148 146
149 1
149 3
149 4
149 7
149 10
149 12
149 14
149 16
149 17
149 20
149 24
149 28
149 29
149 31
149 32
149 34
149 35
149 36
149 39
149 42
149 45
149 48
149 49
149 50
149 52
149 54
149 56
149 58
149 60
149 61
149 62
149 63
149 66
149 67
149 68
149 69
149 71
149 74
149 78
149 79
149 81
149 83
149 84
149 85
149 86
149 88
149 89
149 91
149 94
149 95
149 96
149 101
149 102
149 105
149 106
149 110
149 112
149 115
149 116
149 117
149 123
149 124
149 129
149 134
149 136
149 142
149 144
149 145
149 147
150 0
150 2
150 6
150 8
150 9
150 11
150 13
150 15
150 17
150 20
150 21
150 22
150 23
150 24
150 26
150 27
150 31
150 32
150 35
150 36
150 37
150 41
150 43
150 50
150 51
150 52
150 53
150 54
150 55
150 56
150 60
150 61
150 62
150 64
150 66
150 67
150 68
150 69
150 70
150 71
150 72
150 76
150 77
150 78
150 79
150 80
150 81
150 83
150 86
150 91
150 92
150 94
150 95
150 97
150 99
150 102
150 103
150 106
150 107
150 108
150 109
150 111
150 113
150 115
150 118
150 120
150 121
150 124
150 125
150 127
150 128
150 130
150 131
150 132
150 134
150 135
150 137
150 138
150 142
150 143
150 144
150 145
150 149
151 2
151 3
151 4
151 7
151 8
151 9
151 11
151 13
151 15
151 16
151 18
151 19
151 21
151 23
151 25
151 30
151 33
151 35
151 36
151 37
151 38
151 42
151 43
151 44
151 50
151 51
151 52
151 54
151 57
151 58
151 59
151 60
151 64
151 67
151 68
151 69
151 70
151 72
151 73
151 80
151 83
151 84
151 86
151 87
151 92
151 93
151 96
151 97
151 98
151 99
151 101
151 104
151 107
151 108
151 109
151 115
151 116
151 117
151 118
151 119
151 124
151 126
151 127
151 128
151 129
151 132
151 133
151 134
151 135
151 137
151 139
151 143
151 144
151 146
152 3
152 5
152 6
152 7
152 9
152 13
152 15
152 17
152 20
152 24
152 25
152 26
152 27
152 31
152 33
152 39
152 40
152 42
152 44
152 46
152 47
152 48
152 51
152 52
152 53
152 55
152 57
152 60
152 61
152 62
152 66
152 67
152 69
152 72
152 86
152 88
152 89
152 90
152 92
152 96
152 98
152 99
152 100
152 105
152 106
152 108
152 112
152 113
152 114
152 115
152 116
152 119
152 121
152 122
152 127
152 130
152 131
152 133
152 134
152 135
152 136
152 138
152 139
152 140
152 142
152 145
152 150
153 0
153 1
153 7
153 10
153 14
153 15
153 17
153 18
153 20
153 21
153 22
153 23
153 24
153 25
153 29
153 31
153 32
153 34
153 35
153 36
153 38
153 39
153 41
153 43
153 45
153 46
153 48
153 50
153 54
153 55
153 57
153 60
153 62
153 64
153 65
153 67
153 68
153 69
153 70
153 72
153 73
153 75
153 76
153 77
153 79
153 81
153 82
153 85
153 88
153 92
153 94
153 95
153 101
153 105
153 108
153 111
153 113
153 114
153 116
153 119
153 121
153 122
153 125
153 126
153 128
153 129
153 132
153 133
153 137
153 138
153 140
153 141
153 142
153 143
153 145
153 148
153 149
153 150
153 151
154 2
154 3
154 7
154 9
154 10
154 12
154 14
154 15
154 16
154 18
154 19
154 22
154 23
154 24
154 26
154 29
154 30
154 32
154 34
154 36
154 37
154 38
154 40
154 41
154 44
154 48
154 53
154 55
154 57
154 60
154 61
154 64
154 67
154 68
154 70
154 71
154 72
154 75
154 77
154 79
154 80
154 82
154 83
154 91
154 92
154 93
154 95
154 96
154 99
154 100
154 103
154 104
154 105
154 107
154 111
154 112
154 115
154 117
154 118
154 123
154 128
154 129
154 130
154 135
154 137
154 140
154 142
154 143
154 144
154 146
154 147
154 148
154 149
154 151
154 152
155 1
155 4
155 5
155 6
155 8
155 9
155 12
155 14
155 15
155 16
155 17
155 18
155 20
155 21
155 24
155 27
155 29
155 30
155 32
155 33
155 34
155 37
155 38
155 43
155 46
155 47
155 48
155 49
155 50
155 59
155 61
155 63
155 64
155 66
155 67
155 68
155 70
155 71
155 72
155 74
155 75
155 76
155 77
155 78
155 80
155 81
155 82
155 83
155 84
155 87
155 89
155 93
155 94
155 95
155 96
155 97
155 98
155 101
155 106
155 107
155 108
155 109
155 110
155 113
155 115
155 116
155 117
155 120
155 121
155 123
155 126
155 128
155 133
155 136
155 137
155 141
155 142
155 144
155 146
155 154
156 5
156 6
156 8
156 9
156 11
156 12
156 17
156 19
156 20
156 21
156 24
156 29
156 30
156 33
156 36
156 37
156 38
156 40
156 41
156 42
156 43
156 47
156 48
156 51
156 52
156 53
156 56
156 57
156 58
156 59
156 60
156 62
156 63
156 67
156 69
156 70
156 71
156 72
156 73
156 75
156 76
156 78
156 79
156 81
156 83
156 87
156 89
156 90
156 92
156 93
156 94
156 95
156 96
156 99
156 100
156 104
156 105
156 107
156 109
156 112
156 113
156 115
156 118
156 119
156 122
156 125
156 126
156 127
156 128
156 130
156 131
156 132
156 136
156 138
156 139
156 143
156 144
156 145
156 146
156 147
156 150
156 152
156 153
156 155
157 3
157 4
157 8
157 9
157 10
157 12
157 13
157 14
157 15
157 18
157 19
157 20
157 21
157 23
157 26
157 27
157 29
157 31
157 34
157 36
157 44
157 45
157 47
157 49
157 51
157 52
157 54
157 56
157 59
157 61
157 63
157 64
157 68
157 69
157 71
157 72
157 73
157 74
157 75
157 78
157 79
157 80
157 81
157 85
157 86
157 87
157 88
157 89
157 93
157 96
157 97
157 98
157 99
157 101
157 103
157 104
157 105
157 106
157 107
157 108
157 110
157 112
157 114
157 115
157 116
157 117
157 119
157 120
157 122
157 123
157 125
157 126
157 131
157 133
157 134
157 135
157 136
157 141
157 142
157 144
157 147
157 148
157 153
157 154
157 155
158 0
158 3
158 6
158 7
158 8
158 9
158 12
158 13
158 14
158 15
158 17
158 18
158 25
158 28
158 33
158 34
158 35
158 37
158 38
158 39
158 40
158 41
158 44
158 45
158 46
158 50
158 52
158 53
158 56
158 60
158 62
158 64
158 65
158 69
158 70
158 71
158 73
158 74
158 76
158 77
158 78
158 79
158 81
158 83
158 84
158 85
158 86
158 89
158 90
158 91
158 94
158 96
158 100
158 102
158 104
158 105
158 107
158 109
158 110
158 111
158 112
158 113
158 118
158 119
158 129
158 131
158 132
158 134
158 135
158 137
158 138
158 139
158 140
158 145
158 148
158 149
158 150
158 151
158 153
158 155
158 156
158 157
159 0
159 2
159 3
159 5
159 6
159 7
159 8
159 9
159 11
159 14
159 15
159 17
159 18
159 19
159 21
159 27
159 28
159 31
159 32
159 35
159 36
159 37
159 38
159 39
159 40
159 41
159 42
159 43
159 45
159 46
159 47
159 49
159 52
159 56
159 58
159 59
159 60
159 61
159 65
159 68
159 73
159 78
159 82
159 83
159 86
159 88
159 90
159 94
159 95
159 96
159 97
159 100
159 102
159 104
159 110
159 111
159 113
159 115
159 119
159 120
159 122
159 123
159 132
159 135
159 139
159 140
159 144
159 145
159 146
159 150
159 156
159 158
160 0
160 1
160 2
160 4
160 5
160 7
160 9
160 10
160 11
160 12
160 14
160 17
160 18
160 21
160 23
160 24
160 25
160 32
160 33
160 34
160 35
160 36
160 37
160 40
160 42
160 44
160 45
160 50
160 51
160 52
160 54
160 57
160 58
160 60
160 62
160 63
160 67
160 69
160 70
160 71
160 73
160 74
160 75
160 78
160 79
160 83
160 85
160 87
160 88
160 89
160 90
160 93
160 96
160 97
160 101
160 102
160 105
160 107
160 108
160 109
160 110
160 111
160 114
160 115
160 116
160 117
160 120
160 121
160 122
160 123
160 124
160 125
160 126
160 128
160 129
160 131
160 132
160 135
160 136
160 137
160 139
160 142
160 146
160 148
160 149
160 151
160 152
160 157
160 158
160 159
161 0
161 1
161 5
161 8
161 10
161 12
161 13
161 16
161 23
161 26
161 28
161 29
161 31
161 32
161 33
161 34
161 35
161 37
161 39
161 40
161 41
161 42
161 43
161 45
161 47
161 52
161 53
161 55
161 56
161 57
161 62
161 65
161 72
161 73
161 74
161 76
161 81
161 82
161 85
161 86
161 91
161 92
161 95
161 96
161 102
161 104
161 105
161 106
161 107
161 108
161 109
161 110
161 112
161 119
161 120
161 121
161 122
161 123
161 124
161 125
161 126
161 127
161 128
161 129
161 132
161 133
161 135
161 138
161 141
161 143
161 146
161 151
161 152
161 153
161 154
161 156
161 159
162 0
162 2
162 4
162 6
162 7
162 8
162 10
162 11
162 12
162 13
162 15
162 16
162 17
162 21
162 22
162 24
162 29
162 32
162 33
162 35
162 37
162 38
162 39
162 40
162 41
162 43
162 45
162 47
162 48
162 50
162 52
162 55
162 56
162 59
162 62
162 63
162 66
162 68
162 71
162 75
162 77
162 78
162 79
162 80
162 82
162 83
162 84
162 86
162 87
162 88
162 89
162 90
162 91
162 93
162 94
162 96
162 98
162 99
162 100
162 101
162 105
162 106
162 109
162 115
162 117
162 118
162 119
162 120
162 122
162 124
162 126
162 127
162 128
162 133
162 134
162 137
162 138
162 141
162 144
162 149
162 153
162 156
162 158
163 2
163 3
163 6
163 8
163 10
163 11
163 12
163 13
163 14
163 16
163 19
163 20
163 22
163 24
163 25
163 26
163 27
163 30
163 31
163 32
163 35
163 36
163 41
163 42
163 43
163 44
163 45
163 48
163 50
163 51
163 52
163 53
163 54
163 56
163 58
163 62
163 63
163 64
163 70
163 72
163 78
163 80
163 82
163 85
163 87
163 88
163 91
163 92
163 93
163 97
163 98
163 100
163 102
163 104
163 105
163 109
163 115
163 116
163 117
163 118
163 119
163 121
163 122
163 126
163 127
163 129
163 130
163 131
163 134
163 137
163 139
163 140
163 141
163 142
163 144
163 146
163 147
163 150
163 152
163 153
163 154
163 158
163 161
163 162
164 3
164 6
164 7
164 8
164 10
164 13
164 16
164 19
164 20
164 23
164 25
164 26
164 30
164 32
164 33
164 35
164 37
164 38
164 43
164 46
164 47
164 48
164 49
164 50
164 51
164 53
164 56
164 57
164 58
164 59
164 63
164 66
164 69
164 71
164 73
164 75
164 78
164 79
164 80
164 83
164 85
164 86
164 87
164 90
164 92
164 95
164 97
164 99
164 100
164 101
164 102
164 106
164 107
164 111
164 112
164 113
164 114
164 117
164 118
164 121
164 122
164 123
164 124
164 125
164 128
164 133
164 136
164 137
164 138
164 142
164 145
164 147
164 148
164 152
164 154
164 155
164 157
164 158
164 159
164 160
164 163
165 1
165 2
165 3
165 4
165 6
165 7
165 9
165 11
165 12
165 14
165 17
165 18
165 19
165 20
165 21
165 22
165 23
165 24
165 25
165 26
165 27
165 29
165 31
165 33
165 34
165 38
165 40
165 41
165 43
165 44
165 45
165 46
165 49
165 50
165 52
165 54
165 57
165 58
165 61
165 63
165 64
165 65
165 66
165 67
165 73
165 74
165 75
165 77
165 78
165 79
165 82
165 83
165 84
165 87
165 88
165 89
165 91
165 92
165 93
165 94
165 95
165 98
165 99
165 100
165 101
165 102
165 103
165 104
165 105
165 107
165 110
165 111
165 114
165 116
165 117
165 121
165 125
165 126
165 127
165 128
165 135
165 136
165 138
165 139
165 143
165 144
165 149
165 155
165 156
165 157
165 159
165 161
165 163
165 164
166 0
166 1
166 4
166 7
166 8
166 9
166 10
166 12
166 13
166 16
166 17
166 22
166 25
166 28
166 31
166 32
166 34
166 35
166 36
166 38
166 39
166 40
166 42
166 45
166 46
166 51
166 54
166 55
166 56
166 57
166 58
166 59
166 60
166 63
166 66
166 67
166 69
166 74
166 75
166 77
166 78
166 79
166 80
166 86
166 89
166 90
166 92
166 94
166 95
166 97
166 98
166 99
166 100
166 101
166 104
166 105
166 108
166 109
166 110
166 112
166 115
166 116
166 121
166 124
166 128
166 129
166 131
166 132
166 139
166 143
166 144
166 145
166 146
166 148
166 149
166 151
166 152
166 153
166 155
166 156
166 158
166 159
166 161
166 162
166 165
167 1
167 4
167 5
167 7
167 9
167 11
167 12
167 13
167 16
167 18
167 19
167 20
167 21
167 22
167 24
167 29
167 31
167 32
167 34
167 37
167 38
167 42
167 47
167 49
167 50
167 52
167 54
167 58
167 59
167 60
167 65
167 66
167 67
167 69
167 70
167 71
167 72
167 74
167 75
167 76
167 78
167 80
167 83
167 84
167 86
167 89
167 90
167 92
167 93
167 98
167 100
167 101
167 102
167 103
167 105
167 107
167 108
167 111
167 112
167 122
167 123
167 124
167 127
167 131
167 132
167 135
167 136
167 137
167 138
167 141
167 143
167 147
167 148
167 149
167 151
167 152
167 154
167 160
167 163
167 164
168 0
168 2
168 3
168 5
168 6
168 7
168 9
168 10
168 12
168 13
168 14
168 20
168 21
168 22
168 23
168 24
168 25
168 26
168 27
168 28
168 29
168 30
168 34
168 37
168 38
168 41
168 42
168 45
168 49
168 50
168 54
168 55
168 56
168 57
168 58
168 59
168 64
168 68
168 71
168 75
168 77
168 81
168 83
168 86
168 88
168 91
168 92
168 97
168 99
168 100
168 101
168 102
168 104
168 105
168 106
168 108
168 110
168 112
168 114
168 118
168 120
168 121
168 122
168 123
168 124
168 128
168 130
168 133
168 138
168 140
168 143
168 145
168 146
168 148
168 149
168 157
168 159
168 160
168 164
168 165
168 166
169 4
169 5
169 6
169 8
169 9
169 11
169 13
169 14
169 17
169 18
169 20
169 25
169 27
169 30
169 31
169 32
169 33
169 35
169 37
169 40
169 42
169 46
169 51
169 53
169 54
169 55
169 56
169 57
169 58
169 62
169 67
169 68
169 69
169 70
169 71
169 72
169 73
169 74
169 75
169 76
169 80
169 81
169 83
169 86
169 88
169 95
169 100
169 101
169 102
169 106
169 108
169 112
169 113
169 116
169 117
169 121
169 122
169 126
169 127
169 128
169 130
169 132
169 134
169 136
169 141
169 142
169 144
169 145
169 148
169 149
169 150
169 151
169 152
169 154
169 155
169 156
169 158
169 160
169 163
169 164
169 165
169 166
169 167
169 168
170 0
170 1
170 4
170 5
170 7
170 8
170 10
170 11
170 12
170 13
170 15
170 18
170 19
170 26
170 28
170 30
170 33
170 34
170 35
170 36
170 37
170 38
170 40
170 42
170 44
170 49
170 51
170 53
170 55
170 57
170 58
170 59
170 60
170 62
170 63
170 67
170 68
170 70
170 71
170 74
170 75
170 76
170 77
170 78
170 80
170 82
170 85
170 86
170 92
170 93
170 94
170 95
170 101
170 102
170 105
170 107
170 110
170 112
170 113
170 114
170 115
170 119
170 122
170 125
170 126
170 128
170 129
170 130
170 132
170 134
170 135
170 136
170 138
170 141
170 142
170 146
170 147
170 148
170 149
170 153
170 156
170 158
170 160
170 162
170 164
170 167
170 168
170 169
171 0
171 2
171 4
171 6
171 10
171 11
171 12
171 17
171 18
171 20
171 23
171 25
171 27
171 33
171 40
171 42
171 44
171 45
171 46
171 48
171 51
171 52
171 54
171 58
171 60
171 62
171 63
171 64
171 65
171 71
171 72
171 74
171 75
171 76
171 78
171 79
171 80
171 84
171 87
171 88
171 93
171 96
171 98
171 99
171 100
171 101
171 103
171 104
171 105
171 106
171 107
171 108
171 110
171 112
171 113
171 114
171 117
171 119
171 123
171 124
171 128
171 129
171 130
171 131
171 132
171 135
171 136
171 138
171 139
171 140
171 144
171 145
171 146
171 149
171 150
171 151
171 154
171 156
171 157
171 158
171 160
171 161
171 164
171 165
171 168
171 169
172 0
172 1
172 3
172 4
172 5
172 7
172 8
172 9
172 10
172 14
172 16
172 19
172 20
172 21
172 23
172 24
172 27
172 28
172 30
172 35
172 40
172 47
172 49
172 53
172 56
172 58
172 59
172 61
172 64
172 67
172 70
172 74
172 75
172 76
172 77
172 80
172 85
172 87
172 88
172 89
172 90
172 93
172 94
172 96
172 97
172 100
172 102
172 103
172 104
172 106
172 109
172 110
172 111
172 113
172 114
172 116
172 118
172 119
172 125
172 126
172 127
172 128
172 129
172 131
172 133
172 135
172 137
172 140
172 141
172 143
172 144
172 146
172 148
172 149
172 150
172 151
172 157
172 160
172 162
172 163
172 165
172 166
172 168
172 170
173 3
173 4
173 6
173 7
173 9
173 10
173 11
173 14
173 18
173 20
173 22
173 23
173 25
173 27
173 28
173 30
173 33
173 34
173 37
173 38
173 40
173 41
173 43
173 45
173 49
173 51
173 53
173 56
173 61
173 62
173 63
173 64
173 66
173 67
173 69
173 71
173 74
173 75
173 77
173 79
173 80
173 83
173 91
173 94
173 95
173 96
173 97
173 99
173 102
173 103
173 104
173 106
173 107
173 109
173 111
173 113
173 114
173 115
173 116
173 117
173 118
173 120
173 122
173 125
173 126
173 127
173 129
173 130
173 131
173 134
173 135
173 138
173 141
173 145
173 149
173 150
173 151
173 153
173 154
173 157
173 161
173 162
173 163
173 170
174 3
174 7
174 8
174 9
174 11
174 14
174 15
174 16
174 18
174 19
174 20
174 21
174 22
174 23
174 25
174 29
174 31
174 32
174 34
174 37
174 38
174 39
174 43
174 44
174 47
174 48
174 51
174 55
174 59
174 60
174 65
174 67
174 68
174 73
174 74
174 75
174 79
174 80
174 82
174 83
174 84
174 85
174 87
174 88
174 89
174 91
174 92
174 93
174 94
174 95
174 99
174 101
174 105
174 106
174 107
174 110
174 111
174 114
174 118
174 119
174 120
174 122
174 125
174 127
174 128
174 129
174 130
174 131
174 133
174 134
174 135
174 138
174 139
174 143
174 144
174 146
174 149
174 151
174 153
174 154
174 155
174 157
174 161
174 163
174 166
174 167
174 168
174 171
174 172
174 173
175 2
175 3
175 5
175 6
175 9
175 11
175 12
175 13
175 15
175 16
175 17
175 18
175 19
175 20
175 24
175 25
175 27
175 29
175 30
175 32
175 35
175 36
175 37
175 42
175 44
175 46
175 47
175 51
175 52
175 54
175 55
175 56
175 59
175 61
175 66
175 72
175 74
175 75
175 76
175 77
175 79
175 81
175 83
175 84
175 86
175 87
175 88
175 89
175 90
175 91
175 92
175 93
175 99
175 101
175 103
175 105
175 108
175 109
175 111
175 114
175 116
175 117
175 118
175 127
175 129
175 131
175 134
175 135
175 139
175 140
175 142
175 143
175 145
175 148
175 149
175 150
175 151
175 153
175 155
175 157
175 159
175 161
175 162
175 164
175 168
175 172
175 173
176 1
176 3
176 5
176 8
176 9
176 10
176 11
176 12
176 14
176 16
176 20
176 24
176 25
176 27
176 28
176 29
176 30
176 32
176 35
176 36
176 39
176 42
176 45
176 47
176 48
176 51
176 53
176 56
176 59
176 61
176 63
176 64
176 67
176 68
176 70
176 72
176 76
176 77
176 79
176 80
176 81
176 84
176 87
176 88
176 91
176 96
176 97
176 101
176 102
176 104
176 105
176 109
176 112
176 114
176 116
176 117
176 122
176 123
176 124
176 126
176 127
176 128
176 132
176 133
176 134
176 135
176 136
176 142
176 143
176 147
176 152
176 155
176 157
176 163
176 166
176 167
176 168
176 169
176 172
176 173
176 174
176 175
177 1
177 7
177 8
177 10
177 12
177 13
177 16
177 18
177 20
177 21
177 23
177 24
177 25
177 26
177 27
177 28
177 29
177 30
177 31
177 32
177 34
177 35
177 37
177 38
177 41
177 43
177 44
177 47
177 48
177 49
177 50
177 51
177 52
177 56
177 57
177 58
177 59
177 60
177 61
177 64
177 66
177 69
177 73
177 75
177 79
177 83
177 85
177 86
177 88
177 89
177 90
177 100
177 101
177 102
177 105
177 107
177 108
177 111
177 112
177 113
177 115
177 120
177 121
177 124
177 125
177 126
177 127
177 129
177 133
177 135
177 140
177 141
177 144
177 145
177 147
177 150
177 151
177 152
177 155
177 158
177 160
177 161
177 164
177 165
177 166
177 171
177 172
177 176
178 1
178 2
178 3
178 4
178 6
178 8
178 9
178 11
178 12
178 14
178 17
178 19
178 20
178 23
178 27
178 28
178 30
178 31
178 33
178 34
178 35
178 36
178 39
178 43
178 45
178 46
178 48
178 53
178 55
178 56
178 59
178 60
178 61
178 62
178 64
178 66
178 68
178 69
178 71
178 72
178 74
178 75
178 77
178 78
178 79
178 80
178 82
178 84
178 86
178 87
178 90
178 92
178 95
178 96
178 100
178 105
178 107
178 109
178 112
178 115
178 117
178 118
178 119
178 122
178 123
178 128
178 129
178 132
178 137
178 138
178 140
178 141
178 143
178 144
178 145
178 147
178 148
178 155
178 156
178 157
178 158
178 162
178 163
178 164
178 165
178 167
178 168
178 169
178 171
178 177
179 1
179 2
179 3
179 5
179 9
179 11
179 13
179 16
179 17
179 18
179 20
179 23
179 27
179 28
179 30
179 31
179 33
179 34
179 37
179 39
179 40
179 41
179 43
179 47
179 49
179 50
179 51
179 52
179 53
179 55
179 56
179 58
179 59
179 62
179 64
179 65
179 66
179 68
179 69
179 70
179 72
179 73
179 75
179 78
179 79
179 87
179 89
179 90
179 92
179 94
179 95
179 97
179 98
179 99
179 104
179 107
179 108
179 109
179 112
179 113
179 116
179 117
179 118
179 120
179 121
179 129
179 140
179 143
179 145
179 146
179 147
179 149
179 150
179 152
179 153
179 154
179 155
179 157
179 160
179 162
179 163
179 165
179 167
179 170
179 172
179 175
179 176
179 177
180 3
180 5
180 6
180 7
180 9
180 11
180 13
180 15
180 16
180 19
180 21
180 23
180 25
180 26
180 29
180 30
180 33
180 34
180 36
180 37
180 42
180 43
180 44
180 45
180 47
180 48
180 53
180 54
180 55
180 56
180 57
180 58
180 59
180 65
180 66
180 67
180 68
180 71
180 73
180 74
180 76
180 77
180 78
180 79
180 81
180 82
180 83
180 84
180 85
180 89
180 90
180 91
180 92
180 93
180 95
180 96
180 97
180 98
180 103
180 106
180 108
180 110
180 113
180 114
180 115
180 116
180 117
180 120
180 121
180 122
180 124
180 125
180 130
180 131
180 134
180 135
180 143
180 145
180 146
180 147
180 149
180 150
180 151
180 152
180 154
180 157
180 158
180 159
180 160
180 163
180 164
180 165
180 166
180 167
180 168
180 169
180 172
180 175
180 176
180 177
181 0
181 1
181 2
181 9
181 10
181 11
181 12
181 17
181 18
181 20
181 21
181 22
181 23
181 24
181 27
181 30
181 34
181 36
181 37
181 39
181 40
181 42
181 43
181 45
181 46
181 48
181 49
181 50
181 51
181 52
181 53
181 56
181 58
181 61
181 62
181 64
181 65
181 66
181 67
181 70
181 72
181 74
181 75
181 76
181 77
181 78
181 79
181 81
181 88
181 91
181 92
181 93
181 95
181 97
181 98
181 99
181 103
181 105
181 106
181 108
181 110
181 112
181 117
181 119
181 122
181 123
181 125
181 127
181 128
181 130
181 131
181 133
181 134
181 136
181 137
181 138
181 143
181 144
181 145
181 147
181 148
181 150
181 151
181 153
181 154
181 155
181 162
181 164
181 166
181 169
181 171
181 172
181 173
181 177
181 180
182 4
182 5
182 6
182 12
182 13
182 14
182 15
182 18
182 20
182 22
182 23
182 26
182 27
182 28
182 29
182 30
182 32
182 33
182 35
182 36
182 37
182 39
182 40
182 43
182 45
182 47
182 49
182 52
182 54
182 55
182 56
182 57
182 59
182 60
182 62
182 64
182 65
182 67
182 68
182 69
182 72
182 75
182 77
182 78
182 79
182 82
182 83
182 84
182 89
182 90
182 91
182 95
182 97
182 99
182 101
182 102
182 104
182 107
182 110
182 111
182 113
182 114
182 117
182 119
182 120
182 121
182 124
182 127
182 128
182 131
182 134
182 135
182 137
182 144
182 147
182 148
182 149
182 153
182 154
182 155
182 156
182 157
182 160
182 162
182 165
182 166
182 167
182 169
182 170
182 171
182 175
182 176
182 177
182 178
182 181
183 2
183 3
183 4
183 5
183 6
183 10
183 11
183 15
183 16
183 17
183 19
183 27
183 28
183 33
183 36
183 37
183 38
183 39
183 42
183 43
183 45
183 47
183 50
183 51
183 52
183 54
183 55
183 57
183 61
183 66
183 67
183 70
183 71
183 75
183 76
183 78
183 80
183 82
183 85
183 87
183 88
183 91
183 92
183 96
183 101
183 102
183 103
183 105
183 107
183 109
183 110
183 111
183 113
183 115
183 116
183 119
183 120
183 124
183 126
183 127
183 128
183 129
183 130
183 131
183 138
183 141
183 144
183 146
183 147
183 148
183 151
183 152
183 153
183 155
183 159
183 161
183 162
183 163
183 166
183 170
183 172
183 173
183 174
183 176
183 177
183 180
183 181
184 0
184 1
184 8
184 9
184 10
184 13
184 14
184 15
184 16
184 17
184 18
184 20
184 22
184 25
184 28
184 29
184 30
184 34
184 35
184 39
184 40
184 41
184 43
184 45
184 46
184 47
184 48
184 52
184 53
184 54
184 57
184 58
184 59
184 60
184 65
184 67
184 68
184 69
184 70
184 71
184 72
184 73
184 74
184 76
184 77
184 80
184 82
184 83
184 86
184 89
184 92
184 93
184 96
184 99
184 101
184 104
184 105
184 106
184 108
184 109
184 111
184 116
184 118
184 120
184 121
184 123
184 124
184 130
184 131
184 132
184 133
184 136
184 137
184 141
184 142
184 143
184 146
184 149
184 151
184 155
184 157
184 158
184 159
184 160
184 161
184 162
184 163
184 165
184 166
184 170
184 171
184 173
184 175
184 176
184 179
184 180
185 0
185 1
185 9
185 12
185 13
185 14
185 15
185 16
185 17
185 18
185 20
185 21
185 24
185 25
185 26
185 27
185 28
185 29
185 30
185 33
185 34
185 35
185 36
185 37
185 38
185 44
185 45
185 46
185 48
185 51
185 53
185 55
185 58
185 59
185 60
185 64
185 65
185 66
185 67
185 68
185 69
185 72
185 77
185 78
185 79
185 81
185 85
185 87
185 89
185 91
185 93
185 97
185 98
185 99
185 100
185 102
185 104
185 105
185 106
185 108
185 111
185 115
185 117
185 121
185 123
185 129
185 133
185 136
185 138
185 139
185 140
185 141
185 142
185 146
185 148
185 149
185 150
185 151
185 153
185 154
185 158
185 159
185 160
185 161
185 162
185 163
185 164
185 167
185 168
185 169
185 170
185 171
185 174
185 176
185 177
185 179
185 181
185 182
185 183
185 184
186 0
186 1
186 3
186 4
186 5
186 9
186 11
186 12
186 13
186 18
186 20
186 21
186 24
186 26
186 30
186 33
186 34
186 35
186 36
186 41
186 42
186 43
186 44
186 49
186 52
186 53
186 58
186 59
186 60
186 62
186 63
186 65
186 66
186 69
186 70
186 72
186 73
186 76
186 79
186 81
186 83
186 87
186 88
186 95
186 101
186 102
186 104
186 105
186 106
186 107
186 108
186 110
186 112
186 113
186 114
186 117
186 118
186 119
186 130
186 131
186 132
186 134
186 136
186 137
186 139
186 140
186 141
186 142
186 143
186 145
186 146
186 147
186 149
186 150
186 152
186 153
186 154
186 158
186 159
186 168
186 171
186 175
186 176
186 177
186 180
186 182
186 183
187 0
187 4
187 5
187 9
187 13
187 15
187 18
187 22
187 26
187 27
187 29
187 30
187 36
187 37
187 44
187 45
187 47
187 48
187 49
187 51
187 53
187 56
187 57
187 58
187 60
187 61
187 63
187 64
187 65
187 66
187 67
187 70
187 71
187 74
187 76
187 79
187 82
187 88
187 90
187 92
187 95
187 96
187 100
187 102
187 105
187 112
187 113
187 117
187 119
187 120
187 121
187 124
187 126
187 127
187 130
187 133
187 134
187 135
187 137
187 141
187 142
187 143
187 146
187 147
187 149
187 152
187 153
187 155
187 159
187 160
187 164
187 165
187 170
187 171
187 175
187 181
187 182
187 183
187 185
188 0
188 2
188 3
188 4
188 8
188 11
188 12
188 13
188 14
188 15
188 16
188 17
188 20
188 21
188 22
188 24
188 27
188 28
188 29
188 30
188 34
188 35
188 36
188 37
188 38
188 41
188 43
188 44
188 46
188 50
188 51
188 52
188 53
188 55
188 56
188 57
188 59
188 60
188 62
188 63
188 64
188 69
188 71
188 72
188 78
188 86
188 90
188 91
188 95
188 96
188 97
188 98
188 99
188 103
188 104
188 105
188 106
188 110
188 111
188 112
188 113
188 114
188 115
188 118
188 119
188 122
188 123
188 127
188 128
188 130
188 131
188 132
188 135
188 138
188 140
188 142
188 147
188 149
188 153
188 154
188 155
188 157
188 158
188 159
188 160
188 161
188 162
188 164
188 166
188 167
188 168
188 169
188 171
188 172
188 173
188 174
188 178
188 182
188 185
188 186
189 0
189 1
189 2
189 3
189 5
189 6
189 8
189 11
189 14
189 16
189 19
189 20
189 21
189 23
189 24
189 27
189 29
189 35
189 36
189 38
189 42
189 43
189 44
189 45
189 46
189 49
189 51
189 52
189 54
189 56
189 58
189 60
189 65
189 67
189 68
189 69
189 71
189 75
189 84
189 88
189 90
189 91
189 92
189 94
189 96
189 97
189 100
189 104
189 105
189 107
189 108
189 112
189 116
189 118
189 120
189 122
189 123
189 125
189 126
189 129
189 135
189 136
189 137
189 139
189 140
189 142
189 144
189 145
189 146
189 147
189 149
189 150
189 151
189 152
189 156
189 158
189 160
189 161
189 162
189 163
189 166
189 167
189 168
189 169
189 173
189 174
189 176
189 177
189 178
189 179
189 182
189 184
189 186
190 0
190 1
190 2
190 5
190 7
190 8
190 9
190 12
190 13
190 15
190 16
190 20
190 22
190 23
190 25
190 26
190 27
190 29
190 32
190 35
190 39
190 41
190 43
190 44
190 46
190 52
190 55
190 57
190 58
190 60
190 65
190 66
190 67
190 69
190 70
190 72
190 73
190 76
190 77
190 78
190 80
190 81
190 84
190 87
190 88
190 89
190 92
190 93
190 94
190 101
190 104
190 109
190 111
190 112
190 113
190 115
190 116
190 117
190 118
190 124
190 125
190 126
190 127
190 129
190 130
190 131
190 133
190 134
190 141
190 143
190 145
190 146
190 151
190 154
190 155
190 157
190 158
190 165
190 167
190 168
190 169
190 170
190 171
190 172
190 174
190 176
190 178
190 180
190 181
190 182
190 188
190 189
191 5
191 7
191 8
191 10
191 13
191 16
191 20
191 21
191 22
191 23
191 24
191 26
191 28
191 31
191 34
191 39
191 43
191 44
191 45
191 46
191 48
191 50
191 51
191 55
191 56
191 57
191 62
191 63
191 64
191 65
191 67
191 68
191 69
191 70
191 71
191 75
191 76
191 80
191 84
191 85
191 88
191 89
191 91
191 95
191 96
191 98
191 99
191 100
191 103
191 105
191 106
191 110
191 113
191 115
191 117
191 118
191 125
191 129
191 130
191 131
191 135
191 138
191 140
191 144
191 145
191 147
191 148
191 149
191 150
191 155
191 156
191 158
191 159
191 162
191 163
191 164
191 167
191 168
191 169
191 170
191 172
191 181
191 182
191 183
191 184
191 185
191 187
191 189
192 0
192 3
192 4
192 5
192 8
192 10
192 11
192 14
192 22
192 26
192 31
192 33
192 35
192 37
192 38
192 42
192 46
192 47
192 49
192 51
192 52
192 53
192 58
192 61
192 62
192 63
192 67
192 68
192 69
192 70
192 71
192 75
192 76
192 77
192 78
192 79
192 80
192 81
192 82
192 83
192 88
192 89
192 90
192 92
192 94
192 98
192 103
192 106
192 112
192 113
192 118
192 119
192 120
192 123
192 126
192 127
192 128
192 129
192 130
192 132
192 133
192 135
192 142
192 145
192 148
192 153
192 154
192 158
192 159
192 161
192 162
192 165
192 166
192 168
192 170
192 172
192 174
192 175
192 177
192 180
192 185
192 191
193 1
193 5
193 8
193 13
193 14
193 16
193 17
193 20
193 21
193 28
193 30
193 33
193 34
193 35
193 37
193 38
193 40
193 41
193 43
193 44
193 46
193 47
193 48
193 50
193 51
193 52
193 54
193 56
193 59
193 60
193 62
193 63
193 64
193 67
193 68
193 69
193 70
193 72
193 76
193 77
193 81
193 83
193 88
193 89
193 90
193 92
193 96
193 101
193 102
193 103
193 105
193 107
193 108
193 111
193 114
193 115
193 117
193 118
193 119
193 120
193 121
193 122
193 123
193 125
193 126
193 127
193 128
193 131
193 133
193 136
193 138
193 141
193 143
193 145
193 147
193 150
193 151
193 152
193 155
193 159
193 160
193 162
193 163
193 165
193 166
193 168
193 169
193 170
193 172
193 173
193 174
193 175
193 176
193 182
193 183
193 184
193 186
193 187
193 188
193 189
193 190
194 1
194 6
194 12
194 16
194 17
194 20
194 22
194 23
194 24
194 29
194 34
194 35
194 37
194 38
194 40
194 42
194 44
194 45
194 46
194 48
194 53
194 54
194 55
194 57
194 58
194 60
194 61
194 62
194 63
194 68
194 70
194 71
194 72
194 73
194 81
194 84
194 86
194 89
194 90
194 91
194 96
194 97
194 98
194 99
194 101
194 102
194 103
194 105
194 106
194 107
194 108
194 110
194 112
194 115
194 118
194 119
194 120
194 123
194 124
194 125
194 128
194 132
194 133
194 136
194 137
194 139
194 140
194 141
194 142
194 143
194 144
194 145
194 146
194 147
194 152
194 153
194 156
194 158
194 159
194 160
194 161
194 162
194 163
194 164
194 165
194 170
194 172
194 175
194 177
194 179
194 180
194 181
194 182
194 183
194 186
194 188
194 190
194 191
195 2
195 3
195 7
195 8
195 10
195 14
195 15
195 17
195 18
195 19
195 24
195 25
195 27
195 28
195 29
195 31
195 32
195 33
195 35
195 36
195 37
195 39
195 42
195 43
195 45
195 57
195 58
195 59
195 61
195 62
195 64
195 66
195 68
195 69
195 70
195 73
195 74
195 75
195 79
195 83
195 84
195 86
195 89
195 90
195 92
195 93
195 96
195 98
195 99
195 100
195 101
195 102
195 104
195 105
195 106
195 108
195 110
195 113
195 114
195 117
195 119
195 122
195 124
195 126
195 133
195 135
195 138
195 141
195 143
195 144
195 146
195 149
195 150
195 152
195 155
195 157
195 159
195 164
195 166
195 169
195 170
195 173
195 176
195 177
195 179
195 180
195 181
195 182
195 184
195 191
195 194
196 2
196 5
196 9
196 14
196 16
196 17
196 19
196 21
196 24
196 25
196 28
196 29
196 31
196 32
196 36
196 40
196 43
196 44
196 45
196 48
196 50
196 55
196 56
196 57
196 60
196 64
196 66
196 68
196 69
196 73
196 75
196 76
196 80
196 81
196 83
196 86
196 87
196 88
196 89
196 93
196 94
196 95
196 96
196 98
196 102
196 103
196 104
196 105
196 106
196 107
196 109
196 110
196 111
196 112
196 114
196 115
196 118
196 119
196 120
196 121
196 126
196 128
196 130
196 131
196 132
196 135
196 140
196 143
196 144
196 147
196 148
196 149
196 150
196 151
196 152
196 154
196 156
196 158
196 160
196 163
196 164
196 165
196 167
196 169
196 172
196 173
196 174
196 177
196 178
196 179
196 180
196 181
196 184
196 186
196 187
196 188
196 190
196 191
196 194
197 0
197 1
197 4
197 8
197 9
197 13
197 16
197 17
197 18
197 19
197 20
197 23
197 27
197 29
197 30
197 31
197 32
197 36
197 40
197 42
197 45
197 48
197 53
197 55
197 59
197 60
197 61
197 65
197 66
197 67
197 68
197 69
197 71
197 73
197 74
197 76
197 80
197 81
197 82
197 83
197 84
197 87
197 90
197 93
197 94
197 96
197 99
197 105
197 106
197 107
197 109
197 110
197 111
197 112
197 114
197 116
197 117
197 121
197 122
197 123
197 124
197 128
197 130
197 131
197 132
197 133
197 134
197 135
197 136
197 139
197 142
197 143
197 144
197 146
197 147
197 148
197 149
197 150
197 152
197 156
197 160
197 164
197 165
197 167
197 168
197 169
197 170
197 171
197 175
197 178
197 179
197 181
197 182
197 183
197 184
197 186
197 187
197 191
197 196
198 1
198 5
198 7
198 8
198 10
198 12
198 15
198 17
198 18
198 19
198 20
198 21
198 25
198 27
198 29
198 30
198 32
198 34
198 36
198 38
198 39
198 41
198 43
198 44
198 46
198 47
198 50
198 51
198 52
198 53
198 54
198 56
198 70
198 73
198 75
198 77
198 78
198 88
198 89
198 92
198 93
198 95
198 96
198 98
198 101
198 104
198 105
198 108
198 110
198 111
198 112
198 113
198 114
198 115
198 116
198 121
198 124
198 127
198 128
198 130
198 131
198 132
198 134
198 136
198 137
198 138
198 140
198 147
198 148
198 153
198 154
198 155
198 156
198 158
198 159
198 162
198 165
198 170
198 171
198 174
198 177
198 178
198 182
198 183
198 184
198 187
198 188
198 195
198 196
198 197
199 6
199 8
199 9
199 10
199 14
199 19
199 20
199 21
199 22
199 24
199 25
199 27
199 28
199 29
199 30
199 31
199 32
199 35
199 36
199 37
199 40
199 47
199 48
199 53
199 54
199 55
199 56
199 62
199 64
199 68
199 69
199 71
199 72
199 73
199 74
199 75
199 77
199 78
199 83
199 84
199 87
199 89
199 90
199 91
199 92
199 93
199 94
199 99
199 101
199 102
199 104
199 107
199 109
199 110
199 111
199 112
199 115
199 117
199 123
199 126
199 130
199 131
199 133
199 135
199 136
199 140
199 142
199 143
199 146
199 147
199 148
199 149
199 151
199 153
199 159
199 160
199 162
199 163
199 164
199 165
199 167
199 168
199 169
199 170
199 171
199 173
199 175
199 176
199 177
199 179
199 180
199 181
199 182
199 183
199 184
199 185
199 187
199 190
199 191
199 192
199 193
199 194
199 195
