300 10933
4 3
5 4
6 2
6 3
6 5
7 3
8 0
8 2
8 4
9 5
10 4
11 3
12 1
12 2
13 4
13 12
14 13
15 0
15 1
15 4
16 8
16 14
17 7
17 14
17 16
18 5
18 6
18 12
18 13
18 15
18 17
19 4
19 10
19 16
19 17
20 2
20 3
20 4
20 8
20 9
20 10
20 11
20 18
21 3
21 19
22 4
22 19
23 10
23 14
23 16
23 18
23 20
23 21
23 22
24 3
24 4
24 6
24 8
24 9
24 11
24 17
24 20
24 21
25 0
25 1
25 3
25 4
25 12
25 18
25 19
25 20
26 4
26 16
26 18
26 20
27 1
27 4
27 5
27 10
27 12
27 16
27 17
27 25
28 0
28 1
28 2
28 8
28 11
28 18
28 25
29 3
29 8
29 11
29 20
29 22
29 27
30 10
30 12
30 16
30 17
30 18
30 19
31 2
31 5
31 12
31 13
31 14
31 17
31 25
31 27
32 2
32 15
32 17
32 19
32 23
32 25
32 27
33 16
33 28
33 31
34 1
34 6
34 8
34 12
34 17
34 24
35 4
35 7
35 8
35 12
35 16
35 18
35 24
35 30
35 31
35 32
36 12
36 17
36 19
36 22
36 23
36 25
36 29
37 8
37 12
37 14
37 15
37 19
37 23
37 24
37 27
37 28
37 30
37 35
38 5
38 7
38 9
38 12
38 14
38 17
38 20
38 25
38 37
39 3
39 12
39 13
39 19
39 22
39 27
39 29
39 32
39 35
39 36
39 37
39 38
40 2
40 3
40 6
40 7
40 13
40 26
40 29
41 2
41 3
41 8
41 12
41 13
41 27
41 30
41 31
41 32
41 34
42 3
42 8
42 12
42 13
42 17
42 18
42 19
42 20
42 26
42 28
42 29
42 31
42 36
42 39
43 14
43 15
43 19
43 20
43 23
43 26
43 31
43 33
43 35
43 36
43 37
43 39
43 40
43 42
44 3
44 7
44 8
44 12
44 27
44 29
44 31
44 35
44 36
44 42
45 3
45 4
45 15
45 18
45 19
45 23
45 31
45 34
45 35
45 41
45 43
46 2
46 17
46 19
46 23
46 32
46 35
46 42
46 43
47 8
47 11
47 12
47 18
47 19
47 20
47 25
47 28
47 30
47 32
47 34
47 35
47 36
47 37
47 39
47 46
48 1
48 6
48 7
48 8
48 17
48 18
48 19
48 22
48 26
48 31
48 32
48 34
48 36
48 42
48 44
48 45
49 3
49 10
49 17
49 18
49 25
49 31
49 43
49 44
50 2
50 28
50 31
50 35
50 41
50 46
51 3
51 4
51 5
51 6
51 8
51 14
51 18
51 23
51 25
51 30
51 41
52 3
52 9
52 19
52 27
52 30
52 32
52 36
52 38
52 43
52 46
52 47
52 48
53 0
53 2
53 7
53 15
53 16
53 19
53 23
53 25
53 35
53 38
53 40
53 41
53 47
53 48
53 49
54 8
54 12
54 14
54 23
54 26
54 27
54 35
54 45
54 47
54 50
55 0
55 3
55 5
55 9
55 10
55 11
55 17
55 22
55 26
55 28
55 36
55 39
55 43
55 49
55 51
55 53
56 3
56 6
56 11
56 17
56 19
56 21
56 23
56 24
56 27
56 28
56 32
56 36
56 37
56 38
56 42
56 46
57 3
57 4
57 13
57 15
57 17
57 25
57 26
57 38
57 39
57 40
57 47
57 49
57 53
57 54
58 3
58 5
58 6
58 9
58 17
58 20
58 26
58 29
58 31
58 32
58 37
58 39
58 42
58 48
58 53
59 4
59 5
59 26
59 48
60 8
60 25
60 27
60 33
60 34
60 36
60 37
60 38
60 42
60 52
60 54
60 57
61 6
61 31
61 47
61 48
61 53
62 3
62 5
62 6
62 7
62 12
62 15
62 18
62 20
62 22
62 28
62 30
62 31
62 36
62 37
62 38
62 40
62 47
62 48
62 58
63 2
63 12
63 14
63 18
63 23
63 36
63 42
63 53
64 23
64 25
64 29
64 50
64 58
65 7
65 9
65 23
65 30
65 38
65 39
65 41
65 47
65 50
65 51
65 54
65 60
66 0
66 5
66 8
66 12
66 16
66 17
66 18
66 25
66 33
66 39
66 41
66 44
66 51
66 56
66 58
66 62
66 64
67 4
67 5
67 7
67 8
67 10
67 18
67 23
67 24
67 25
67 29
67 33
67 37
67 40
67 47
67 64
67 66
68 3
68 6
68 10
68 42
68 47
68 55
69 4
69 5
69 6
69 12
69 13
69 15
69 17
69 18
69 22
69 23
69 24
69 29
69 32
69 33
69 35
69 36
69 45
69 53
69 55
69 58
69 62
69 64
69 65
70 3
70 4
70 20
70 22
70 26
70 30
70 39
70 44
70 45
70 46
70 56
70 57
70 67
71 3
71 19
71 21
71 31
71 32
71 35
71 37
71 48
71 50
71 67
72 4
72 14
72 15
72 27
72 29
72 37
72 47
72 48
72 55
72 56
72 57
72 58
73 4
73 19
73 32
73 37
73 39
73 45
73 47
73 48
73 49
73 50
73 62
74 6
74 8
74 12
74 15
74 17
74 18
74 20
74 23
74 24
74 29
74 30
74 31
74 35
74 37
74 39
74 44
74 46
74 47
74 53
74 55
74 57
74 59
74 61
74 63
74 65
74 66
74 67
74 68
74 70
74 71
75 3
75 4
75 10
75 15
75 18
75 19
75 23
75 25
75 27
75 28
75 29
75 30
75 34
75 36
75 37
75 41
75 43
75 45
75 48
75 51
75 52
75 53
75 55
75 61
75 63
75 66
75 67
75 69
75 72
76 19
76 24
76 29
76 33
76 43
76 48
76 50
76 51
76 52
76 56
76 57
76 63
76 70
76 72
76 74
76 75
77 3
77 12
77 17
77 18
77 21
77 36
77 37
77 42
77 44
77 51
77 56
77 58
77 60
77 65
77 75
78 3
78 7
78 13
78 15
78 16
78 19
78 23
78 25
78 26
78 28
78 36
78 37
78 39
78 47
78 51
78 57
78 60
78 63
78 65
78 67
78 70
78 77
79 5
79 24
79 25
79 30
79 40
79 45
79 46
79 49
79 58
79 69
79 75
80 0
80 3
80 4
80 6
80 8
80 15
80 17
80 18
80 35
80 38
80 39
80 41
80 44
80 48
80 53
80 55
80 56
80 58
80 65
80 67
80 73
80 74
80 77
81 2
81 6
81 10
81 19
81 29
81 31
81 34
81 37
81 38
81 52
81 55
81 67
82 0
82 4
82 5
82 6
82 8
82 15
82 16
82 17
82 18
82 19
82 20
82 21
82 25
82 28
82 30
82 32
82 40
82 45
82 46
82 47
82 53
82 55
82 58
82 61
82 62
82 63
82 67
82 71
82 75
83 14
83 17
83 20
83 22
83 23
83 26
83 28
83 39
83 42
83 45
83 49
83 50
83 55
83 64
83 75
83 79
83 81
83 82
84 2
84 12
84 18
84 19
84 23
84 25
84 42
84 44
84 46
84 47
84 50
84 53
84 56
84 57
85 3
85 4
85 5
85 8
85 16
85 28
85 33
85 34
85 56
85 58
85 75
85 77
86 4
86 16
86 17
86 19
86 22
86 23
86 26
86 32
86 34
86 36
86 37
86 38
86 40
86 41
86 43
86 45
86 46
86 47
86 48
86 51
86 54
86 55
86 58
86 62
86 65
86 69
86 76
87 4
87 8
87 17
87 19
87 23
87 27
87 31
87 32
87 34
87 42
87 46
87 47
87 48
87 49
87 51
87 52
87 53
87 55
87 56
87 59
87 65
87 69
87 72
87 75
87 79
87 80
87 86
88 0
88 1
88 3
88 4
88 6
88 7
88 16
88 17
88 18
88 19
88 32
88 33
88 34
88 37
88 40
88 41
88 42
88 48
88 50
88 57
88 58
88 60
88 61
88 67
88 72
88 74
88 77
88 79
88 82
88 84
88 85
89 2
89 5
89 6
89 28
89 42
89 48
89 56
89 62
89 64
89 69
89 82
89 83
89 86
89 88
90 1
90 3
90 4
90 8
90 11
90 15
90 18
90 19
90 20
90 21
90 23
90 37
90 39
90 41
90 43
90 45
90 48
90 49
90 55
90 58
90 62
90 66
90 67
90 69
90 70
90 82
90 87
90 88
91 4
91 8
91 15
91 25
91 34
91 37
91 44
91 47
91 52
91 57
91 58
91 70
91 83
91 84
92 2
92 6
92 8
92 15
92 19
92 20
92 22
92 23
92 24
92 25
92 29
92 31
92 34
92 35
92 43
92 46
92 48
92 62
92 69
92 75
92 85
92 87
92 90
93 4
93 5
93 7
93 30
93 32
93 34
93 37
93 38
93 39
93 40
93 41
93 53
93 56
93 58
93 69
93 74
93 90
93 91
94 1
94 2
94 6
94 8
94 22
94 40
94 44
94 50
94 51
94 55
94 57
94 62
94 74
94 82
94 86
95 0
95 9
95 10
95 11
95 20
95 23
95 25
95 28
95 29
95 37
95 41
95 52
95 53
95 60
95 61
95 69
95 79
95 87
95 90
96 2
96 3
96 7
96 12
96 17
96 19
96 25
96 30
96 35
96 38
96 39
96 41
96 43
96 48
96 62
96 71
96 73
96 75
96 88
96 89
96 92
97 3
97 8
97 9
97 12
97 16
97 18
97 23
97 24
97 25
97 29
97 31
97 32
97 34
97 35
97 37
97 43
97 44
97 45
97 47
97 48
97 51
97 52
97 55
97 56
97 62
97 64
97 66
97 78
97 80
97 86
97 88
97 95
97 96
98 4
98 10
98 21
98 32
98 53
98 56
98 57
98 58
98 69
98 74
98 82
98 86
98 91
98 92
99 3
99 6
99 13
99 14
99 17
99 18
99 20
99 29
99 32
99 41
99 44
99 51
99 74
99 75
99 81
99 82
99 88
99 90
99 94
99 95
99 97
100 1
100 4
100 17
100 21
100 22
100 23
100 39
100 41
100 42
100 45
100 47
100 51
100 53
100 58
100 62
100 68
100 75
100 82
100 87
100 93
100 98
101 1
101 2
101 12
101 13
101 17
101 25
101 30
101 39
101 40
101 43
101 48
101 50
101 57
101 62
101 73
101 74
101 85
101 91
101 92
101 96
102 4
102 6
102 19
102 31
102 32
102 33
102 43
102 46
102 47
102 53
102 55
102 56
102 59
102 67
102 70
102 73
102 74
102 76
102 82
102 85
102 86
102 88
103 0
103 1
103 2
103 4
103 6
103 8
103 16
103 18
103 20
103 28
103 30
103 33
103 34
103 37
103 39
103 40
103 42
103 44
103 45
103 47
103 48
103 51
103 62
103 77
103 80
103 85
103 87
103 89
103 91
103 92
103 94
103 95
103 96
103 97
103 99
104 3
104 12
104 15
104 18
104 23
104 28
104 29
104 35
104 43
104 48
104 50
104 52
104 55
104 56
104 58
104 62
104 72
104 74
104 76
104 77
104 79
104 85
104 86
104 90
104 91
104 95
104 100
104 101
105 3
105 22
105 29
105 30
105 31
105 48
105 52
105 59
105 67
105 70
105 74
105 79
105 81
105 86
105 87
105 96
105 99
105 102
106 0
106 1
106 7
106 10
106 12
106 17
106 23
106 24
106 25
106 27
106 28
106 34
106 35
106 37
106 39
106 44
106 45
106 48
106 54
106 55
106 58
106 67
106 75
106 77
106 80
106 83
106 85
106 88
106 89
106 94
106 96
106 101
106 103
106 104
107 5
107 17
107 18
107 19
107 51
107 56
107 66
107 69
107 75
107 82
107 83
107 86
107 93
107 97
107 99
108 3
108 4
108 5
108 12
108 14
108 15
108 19
108 20
108 23
108 31
108 35
108 37
108 39
108 43
108 45
108 46
108 47
108 48
108 50
108 54
108 55
108 57
108 62
108 69
108 71
108 72
108 77
108 80
108 83
108 86
108 88
108 90
108 91
108 92
108 94
108 96
108 97
108 104
109 5
109 7
109 11
109 12
109 15
109 25
109 27
109 36
109 38
109 39
109 48
109 49
109 61
109 73
109 74
109 75
109 77
109 83
109 90
109 97
109 104
109 105
110 3
110 4
110 5
110 18
110 27
110 31
110 39
110 43
110 48
110 54
110 70
110 71
110 74
110 82
110 87
110 88
110 93
110 96
110 99
110 100
110 101
110 103
110 109
111 6
111 9
111 18
111 23
111 25
111 37
111 43
111 53
111 74
111 80
111 82
111 83
111 88
112 3
112 13
112 17
112 18
112 19
112 25
112 50
112 73
112 75
112 83
112 87
112 93
112 102
113 2
113 10
113 15
113 16
113 18
113 32
113 37
113 41
113 46
113 48
113 49
113 56
113 60
113 62
113 71
113 82
113 91
113 102
113 104
114 2
114 3
114 5
114 18
114 19
114 20
114 22
114 27
114 28
114 34
114 43
114 44
114 46
114 47
114 51
114 57
114 62
114 64
114 76
114 78
114 82
114 89
114 95
114 98
114 100
114 104
114 105
114 106
114 112
114 113
115 12
115 17
115 25
115 29
115 31
115 39
115 50
115 53
115 81
115 87
115 104
115 108
115 109
116 2
116 6
116 8
116 11
116 16
116 22
116 34
116 38
116 40
116 42
116 51
116 53
116 54
116 56
116 57
116 59
116 67
116 71
116 81
116 82
116 87
116 89
116 90
116 100
116 102
116 104
116 108
117 3
117 5
117 15
117 25
117 37
117 39
117 43
117 46
117 47
117 62
117 63
117 75
117 82
117 87
117 93
117 95
117 103
117 106
117 109
117 110
118 9
118 11
118 14
118 16
118 17
118 21
118 31
118 35
118 36
118 37
118 42
118 44
118 48
118 49
118 51
118 53
118 54
118 57
118 58
118 59
118 61
118 62
118 66
118 69
118 73
118 75
118 76
118 87
118 89
118 93
118 97
118 101
118 106
118 107
118 112
118 114
118 116
119 2
119 18
119 22
119 23
119 24
119 27
119 28
119 32
119 34
119 36
119 43
119 44
119 47
119 55
119 56
119 57
119 60
119 66
119 67
119 71
119 74
119 80
119 82
119 88
119 93
119 96
119 99
119 104
119 105
120 2
120 3
120 5
120 10
120 12
120 16
120 18
120 27
120 39
120 50
120 58
120 67
120 79
120 82
120 85
120 86
120 89
120 90
120 97
120 103
120 108
120 111
120 116
121 3
121 6
121 8
121 11
121 18
121 23
121 28
121 29
121 32
121 34
121 35
121 37
121 39
121 44
121 48
121 56
121 57
121 58
121 66
121 69
121 81
121 83
121 84
121 86
121 89
121 91
121 95
121 98
121 99
121 100
121 103
121 106
121 109
121 111
121 114
121 119
121 120
122 3
122 4
122 5
122 8
122 17
122 18
122 27
122 30
122 31
122 34
122 35
122 38
122 42
122 44
122 45
122 47
122 50
122 72
122 75
122 76
122 77
122 78
122 80
122 81
122 90
122 94
122 97
122 102
122 106
122 107
122 108
122 116
122 118
122 119
122 120
123 2
123 3
123 5
123 7
123 14
123 17
123 19
123 28
123 30
123 35
123 37
123 38
123 43
123 47
123 48
123 50
123 52
123 53
123 54
123 58
123 59
123 72
123 75
123 76
123 77
123 85
123 88
123 90
123 94
123 104
123 109
123 110
123 111
123 113
123 114
123 119
123 120
123 122
124 3
124 6
124 12
124 15
124 16
124 20
124 21
124 24
124 25
124 31
124 32
124 34
124 36
124 39
124 42
124 43
124 47
124 51
124 52
124 54
124 56
124 64
124 67
124 76
124 82
124 85
124 86
124 87
124 88
124 91
124 95
124 97
124 102
124 104
124 105
124 106
124 108
124 111
124 114
124 116
124 118
125 8
125 9
125 11
125 12
125 14
125 17
125 18
125 19
125 23
125 28
125 32
125 37
125 43
125 44
125 47
125 48
125 50
125 53
125 54
125 65
125 73
125 80
125 83
125 88
125 89
125 90
125 95
125 96
125 97
125 99
125 101
125 102
125 104
125 105
125 106
125 110
125 112
125 119
125 124
126 1
126 18
126 24
126 27
126 28
126 49
126 50
126 52
126 55
126 59
126 64
126 67
126 69
126 75
126 77
126 79
126 90
126 96
126 99
126 101
126 104
126 108
126 114
126 116
126 119
126 122
127 2
127 9
127 15
127 17
127 25
127 27
127 36
127 37
127 41
127 42
127 48
127 49
127 55
127 56
127 58
127 62
127 63
127 69
127 70
127 73
127 82
127 87
127 99
127 102
127 105
127 108
127 113
127 117
127 122
127 124
128 6
128 13
128 15
128 18
128 20
128 27
128 29
128 30
128 31
128 34
128 39
128 41
128 47
128 48
128 50
128 53
128 57
128 58
128 67
128 69
128 73
128 74
128 75
128 78
128 83
128 88
128 89
128 90
128 98
128 99
128 100
128 101
128 103
128 106
128 107
128 108
128 114
128 117
128 122
128 124
128 127
129 6
129 18
129 23
129 27
129 31
129 33
129 36
129 37
129 40
129 41
129 44
129 45
129 47
129 48
129 52
129 60
129 68
129 69
129 75
129 96
129 100
129 101
129 107
129 110
129 119
129 121
129 125
130 12
130 17
130 28
130 30
130 32
130 39
130 41
130 42
130 44
130 50
130 52
130 54
130 57
130 69
130 71
130 73
130 74
130 79
130 80
130 82
130 83
130 86
130 91
130 96
130 97
130 98
130 104
130 106
130 110
130 111
130 113
130 120
130 125
131 25
131 31
131 44
131 73
131 77
131 87
131 95
131 105
131 116
131 124
132 0
132 3
132 5
132 6
132 15
132 20
132 24
132 28
132 29
132 32
132 38
132 40
132 42
132 43
132 48
132 55
132 59
132 64
132 66
132 72
132 79
132 86
132 87
132 93
132 97
132 99
132 103
132 105
132 108
132 112
132 113
132 114
132 121
132 122
132 128
132 129
132 131
133 3
133 4
133 5
133 35
133 43
133 44
133 47
133 50
133 53
133 75
133 76
133 82
133 83
133 90
133 97
133 99
133 102
133 103
133 114
133 120
133 121
133 125
133 129
134 6
134 8
134 25
134 26
134 36
134 37
134 43
134 46
134 47
134 48
134 54
134 55
134 60
134 65
134 66
134 75
134 78
134 80
134 81
134 82
134 84
134 86
134 87
134 90
134 93
134 94
134 95
134 96
134 98
134 100
134 105
134 106
134 108
134 109
134 110
134 119
134 121
134 125
134 126
134 133
135 0
135 2
135 3
135 4
135 6
135 15
135 16
135 18
135 21
135 22
135 29
135 33
135 34
135 38
135 39
135 40
135 46
135 54
135 57
135 67
135 74
135 78
135 80
135 85
135 90
135 94
135 105
135 106
135 108
135 110
135 112
135 113
135 119
135 123
135 125
135 128
135 130
135 132
135 133
135 134
136 2
136 3
136 13
136 17
136 18
136 19
136 20
136 24
136 28
136 29
136 31
136 32
136 34
136 37
136 40
136 41
136 44
136 46
136 51
136 55
136 60
136 62
136 72
136 80
136 81
136 85
136 87
136 96
136 99
136 100
136 102
136 109
136 111
136 113
136 115
136 123
136 124
136 125
136 130
136 132
136 134
137 2
137 17
137 24
137 25
137 30
137 36
137 39
137 45
137 46
137 47
137 50
137 51
137 55
137 57
137 66
137 73
137 78
137 87
137 88
137 89
137 90
137 92
137 94
137 95
137 99
137 102
137 104
137 106
137 110
137 111
137 117
137 120
137 121
137 124
137 125
137 132
137 134
137 135
138 0
138 3
138 4
138 10
138 13
138 18
138 20
138 23
138 24
138 25
138 32
138 34
138 36
138 38
138 41
138 48
138 49
138 50
138 53
138 64
138 69
138 70
138 71
138 73
138 75
138 76
138 78
138 84
138 88
138 98
138 102
138 103
138 104
138 110
138 114
138 116
138 117
138 118
138 121
138 122
138 123
138 126
138 129
138 132
138 135
138 136
138 137
139 1
139 4
139 15
139 18
139 31
139 33
139 36
139 42
139 43
139 46
139 47
139 67
139 69
139 87
139 96
139 103
139 104
139 105
139 116
139 121
139 131
139 135
139 136
139 137
139 138
140 4
140 12
140 16
140 20
140 22
140 24
140 29
140 41
140 50
140 67
140 74
140 88
140 90
140 92
140 103
140 108
140 116
140 122
140 124
140 134
140 138
141 4
141 6
141 12
141 17
141 19
141 23
141 27
141 32
141 37
141 43
141 44
141 47
141 51
141 94
141 95
141 96
141 97
141 99
141 103
141 104
141 106
141 116
141 119
141 121
141 129
141 132
141 135
141 136
142 30
142 35
142 38
142 39
142 40
142 43
142 69
142 73
142 79
142 86
142 87
142 101
142 107
142 109
142 116
142 120
142 121
142 125
142 126
142 128
142 129
142 134
142 135
142 140
143 1
143 2
143 4
143 6
143 7
143 11
143 17
143 18
143 20
143 24
143 27
143 37
143 38
143 43
143 47
143 48
143 50
143 51
143 57
143 61
143 75
143 76
143 82
143 83
143 97
143 109
143 112
143 119
143 134
143 137
143 138
144 3
144 7
144 9
144 10
144 14
144 17
144 22
144 28
144 30
144 37
144 39
144 42
144 43
144 44
144 51
144 53
144 54
144 57
144 58
144 61
144 67
144 75
144 76
144 77
144 78
144 82
144 83
144 88
144 90
144 103
144 105
144 107
144 108
144 118
144 121
144 127
144 134
144 141
144 143
145 4
145 6
145 7
145 8
145 9
145 12
145 14
145 17
145 19
145 23
145 24
145 25
145 32
145 37
145 38
145 41
145 42
145 43
145 45
145 51
145 53
145 55
145 56
145 58
145 62
145 66
145 67
145 74
145 78
145 81
145 96
145 98
145 100
145 102
145 103
145 105
145 106
145 116
145 118
145 121
145 123
145 125
145 128
145 129
145 132
145 133
145 142
146 3
146 5
146 15
146 16
146 17
146 26
146 28
146 32
146 46
146 47
146 50
146 51
146 55
146 56
146 58
146 74
146 80
146 94
146 99
146 102
146 105
146 108
146 109
146 118
146 121
146 122
146 125
146 126
146 128
146 134
146 140
146 141
147 3
147 19
147 35
147 52
147 55
147 67
147 72
147 82
147 85
147 87
147 134
147 136
148 2
148 4
148 7
148 9
148 10
148 14
148 17
148 18
148 20
148 22
148 24
148 25
148 26
148 28
148 29
148 30
148 31
148 33
148 34
148 36
148 39
148 43
148 47
148 48
148 50
148 51
148 52
148 55
148 60
148 62
148 64
148 66
148 69
148 74
148 79
148 81
148 83
148 89
148 90
148 94
148 103
148 106
148 111
148 115
148 119
148 121
148 126
148 130
148 131
148 132
148 133
148 135
148 138
148 144
149 3
149 8
149 17
149 24
149 45
149 50
149 51
149 65
149 80
149 84
149 86
149 99
149 103
149 109
149 123
149 124
149 125
149 130
149 131
149 137
149 143
149 144
149 145
150 4
150 7
150 11
150 15
150 24
150 26
150 29
150 30
150 37
150 51
150 55
150 64
150 69
150 70
150 75
150 78
150 82
150 86
150 87
150 94
150 99
150 106
150 108
150 116
150 127
150 128
150 131
150 132
150 134
150 135
150 140
150 141
150 142
150 144
150 145
150 148
151 4
151 15
151 34
151 36
151 39
151 43
151 44
151 48
151 51
151 53
151 56
151 64
151 69
151 71
151 80
151 82
151 88
151 102
151 109
151 119
151 120
151 122
151 124
151 125
151 134
151 135
151 144
151 148
152 0
152 3
152 8
152 10
152 12
152 13
152 18
152 22
152 25
152 28
152 30
152 41
152 45
152 48
152 49
152 53
152 54
152 56
152 59
152 60
152 64
152 67
152 73
152 75
152 78
152 79
152 82
152 83
152 84
152 85
152 86
152 87
152 95
152 96
152 97
152 99
152 103
152 105
152 109
152 110
152 111
152 119
152 123
152 125
152 130
152 136
152 138
152 140
152 141
152 142
152 145
152 151
153 3
153 12
153 15
153 23
153 29
153 31
153 32
153 37
153 44
153 61
153 67
153 69
153 113
153 115
153 127
153 141
153 142
153 146
153 148
153 152
154 3
154 5
154 12
154 34
154 39
154 43
154 51
154 58
154 62
154 66
154 76
154 78
154 82
154 88
154 97
154 114
154 125
154 137
154 144
154 152
155 14
155 16
155 18
155 19
155 21
155 23
155 24
155 25
155 29
155 36
155 37
155 39
155 42
155 43
155 44
155 48
155 51
155 53
155 54
155 56
155 58
155 63
155 67
155 69
155 73
155 75
155 77
155 78
155 83
155 86
155 88
155 89
155 91
155 101
155 104
155 109
155 114
155 115
155 117
155 120
155 121
155 126
155 127
155 128
155 129
155 136
155 147
155 148
155 150
156 17
156 19
156 27
156 43
156 50
156 51
156 55
156 58
156 66
156 71
156 79
156 90
156 108
156 110
156 124
156 125
156 136
156 138
156 139
156 146
156 147
156 148
157 0
157 18
157 23
157 24
157 28
157 30
157 31
157 37
157 56
157 64
157 66
157 80
157 85
157 88
157 96
157 103
157 106
157 107
157 111
157 118
157 124
157 132
157 137
157 138
157 143
157 146
157 147
158 2
158 5
158 11
158 12
158 13
158 14
158 21
158 24
158 25
158 27
158 34
158 36
158 37
158 38
158 42
158 44
158 46
158 48
158 56
158 57
158 58
158 62
158 63
158 68
158 73
158 78
158 84
158 85
158 90
158 95
158 96
158 100
158 102
158 104
158 105
158 106
158 107
158 109
158 110
158 112
158 117
158 118
158 120
158 124
158 127
158 128
158 132
158 133
158 136
158 137
158 140
158 142
158 143
158 145
158 147
158 148
158 150
158 152
158 153
158 156
159 4
159 8
159 15
159 22
159 25
159 27
159 29
159 31
159 40
159 42
159 45
159 47
159 48
159 49
159 53
159 54
159 55
159 56
159 81
159 88
159 90
159 91
159 94
159 95
159 99
159 100
159 104
159 109
159 115
159 116
159 119
159 121
159 126
159 128
159 133
159 134
159 138
159 145
159 146
159 149
160 0
160 3
160 4
160 8
160 12
160 16
160 17
160 18
160 23
160 31
160 32
160 34
160 37
160 41
160 46
160 51
160 57
160 59
160 61
160 74
160 75
160 80
160 83
160 90
160 91
160 94
160 99
160 102
160 107
160 121
160 130
160 133
160 135
160 136
160 140
160 147
160 154
160 159
161 9
161 20
161 24
161 26
161 29
161 31
161 33
161 34
161 35
161 38
161 41
161 44
161 45
161 50
161 55
161 56
161 58
161 59
161 66
161 67
161 71
161 73
161 75
161 79
161 81
161 86
161 88
161 89
161 93
161 95
161 98
161 102
161 106
161 107
161 109
161 113
161 122
161 126
161 133
161 141
161 143
161 145
161 148
161 157
161 158
161 160
162 0
162 1
162 6
162 8
162 14
162 16
162 22
162 25
162 27
162 31
162 34
162 37
162 39
162 43
162 50
162 51
162 53
162 75
162 76
162 88
162 92
162 95
162 97
162 98
162 101
162 103
162 104
162 108
162 112
162 116
162 118
162 125
162 128
162 129
162 132
162 134
162 142
162 144
162 151
162 155
162 158
162 159
163 3
163 9
163 12
163 18
163 19
163 20
163 24
163 31
163 32
163 35
163 37
163 55
163 56
163 60
163 62
163 74
163 75
163 76
163 81
163 90
163 102
163 110
163 115
163 119
163 121
163 132
163 134
163 138
163 140
163 143
163 149
163 150
163 162
164 4
164 9
164 11
164 12
164 19
164 21
164 25
164 27
164 28
164 31
164 32
164 35
164 37
164 44
164 48
164 49
164 50
164 55
164 56
164 60
164 62
164 63
164 69
164 74
164 78
164 81
164 90
164 93
164 100
164 102
164 104
164 107
164 108
164 118
164 122
164 132
164 133
164 137
164 138
164 140
164 141
164 145
164 146
164 152
164 154
164 155
164 158
164 161
165 2
165 8
165 12
165 18
165 23
165 25
165 29
165 30
165 33
165 43
165 46
165 51
165 53
165 54
165 57
165 59
165 61
165 64
165 66
165 72
165 74
165 82
165 93
165 94
165 97
165 105
165 110
165 117
165 123
165 124
165 127
165 128
165 130
165 138
165 147
165 149
165 150
165 151
165 152
165 156
165 159
165 163
166 6
166 12
166 20
166 27
166 41
166 43
166 49
166 53
166 55
166 70
166 73
166 74
166 75
166 79
166 82
166 85
166 88
166 104
166 124
166 155
166 163
167 2
167 4
167 19
167 27
167 28
167 31
167 32
167 35
167 39
167 41
167 42
167 47
167 49
167 55
167 57
167 60
167 66
167 69
167 75
167 77
167 83
167 87
167 89
167 91
167 95
167 97
167 110
167 118
167 135
167 146
167 152
167 154
167 165
168 6
168 12
168 19
168 21
168 24
168 42
168 43
168 50
168 53
168 57
168 74
168 75
168 93
168 100
168 103
168 128
168 134
168 155
168 156
168 161
168 164
169 1
169 2
169 4
169 5
169 8
169 16
169 19
169 20
169 22
169 23
169 24
169 31
169 34
169 36
169 39
169 41
169 42
169 44
169 45
169 49
169 52
169 53
169 60
169 63
169 65
169 70
169 73
169 75
169 77
169 81
169 88
169 90
169 99
169 107
169 109
169 112
169 116
169 127
169 128
169 134
169 135
169 142
169 143
169 146
169 151
169 155
169 159
169 161
169 162
169 163
169 165
169 166
169 167
170 1
170 2
170 4
170 6
170 17
170 20
170 22
170 24
170 25
170 28
170 29
170 31
170 32
170 33
170 41
170 42
170 44
170 45
170 47
170 48
170 54
170 66
170 67
170 73
170 79
170 82
170 87
170 90
170 92
170 94
170 98
170 100
170 101
170 102
170 104
170 106
170 108
170 110
170 116
170 119
170 121
170 123
170 124
170 128
170 130
170 135
170 139
170 140
170 142
170 148
170 151
170 152
170 158
170 162
170 163
170 164
170 168
171 12
171 26
171 27
171 31
171 32
171 34
171 36
171 38
171 39
171 42
171 44
171 46
171 48
171 50
171 51
171 62
171 70
171 74
171 75
171 81
171 84
171 86
171 89
171 94
171 97
171 98
171 101
171 104
171 106
171 107
171 115
171 116
171 125
171 137
171 148
171 153
171 158
171 159
171 160
171 161
171 162
171 169
172 0
172 8
172 9
172 17
172 20
172 23
172 24
172 29
172 39
172 40
172 42
172 43
172 47
172 53
172 54
172 62
172 67
172 79
172 97
172 100
172 108
172 121
172 122
172 128
172 130
172 135
172 138
172 145
172 150
172 151
172 152
172 157
172 159
172 161
172 163
173 2
173 8
173 12
173 15
173 16
173 18
173 20
173 23
173 27
173 30
173 35
173 37
173 39
173 47
173 48
173 50
173 56
173 60
173 61
173 63
173 71
173 72
173 73
173 74
173 79
173 80
173 84
173 87
173 88
173 89
173 91
173 96
173 97
173 99
173 101
173 104
173 105
173 110
173 114
173 116
173 117
173 118
173 121
173 122
173 128
173 132
173 138
173 140
173 141
173 148
173 150
173 154
173 156
173 159
173 162
173 163
173 164
173 165
173 171
174 5
174 8
174 12
174 19
174 27
174 44
174 48
174 50
174 51
174 53
174 54
174 55
174 62
174 65
174 69
174 73
174 74
174 75
174 78
174 79
174 80
174 87
174 91
174 102
174 103
174 105
174 108
174 124
174 129
174 130
174 137
174 150
174 152
174 160
174 163
174 168
174 170
175 3
175 4
175 9
175 12
175 14
175 17
175 18
175 19
175 21
175 25
175 26
175 29
175 32
175 35
175 36
175 37
175 43
175 45
175 47
175 54
175 55
175 56
175 63
175 65
175 67
175 69
175 71
175 73
175 74
175 80
175 83
175 84
175 93
175 94
175 99
175 104
175 106
175 107
175 113
175 116
175 120
175 121
175 123
175 124
175 125
175 132
175 139
175 140
175 146
175 147
175 151
175 160
175 162
175 164
175 165
175 167
175 168
175 169
175 173
176 3
176 4
176 8
176 10
176 15
176 23
176 27
176 34
176 42
176 44
176 53
176 55
176 56
176 57
176 59
176 64
176 67
176 69
176 73
176 75
176 81
176 86
176 87
176 88
176 90
176 93
176 98
176 99
176 101
176 102
176 105
176 110
176 113
176 114
176 115
176 116
176 117
176 123
176 125
176 132
176 134
176 135
176 143
176 147
176 152
176 153
176 159
176 161
176 162
176 164
176 168
176 170
176 171
176 174
177 0
177 9
177 14
177 18
177 21
177 22
177 23
177 29
177 30
177 32
177 37
177 46
177 48
177 57
177 74
177 75
177 76
177 99
177 100
177 102
177 104
177 106
177 119
177 126
177 135
177 139
177 142
177 145
177 146
177 167
177 176
178 2
178 3
178 5
178 12
178 13
178 14
178 17
178 19
178 20
178 22
178 28
178 30
178 31
178 35
178 47
178 50
178 51
178 55
178 58
178 60
178 67
178 70
178 76
178 77
178 81
178 86
178 92
178 99
178 109
178 110
178 113
178 117
178 118
178 122
178 125
178 127
178 128
178 130
178 135
178 138
178 151
178 152
178 154
178 158
178 159
178 160
178 164
178 172
178 173
178 176
179 2
179 3
179 4
179 5
179 6
179 15
179 18
179 19
179 20
179 28
179 37
179 48
179 55
179 67
179 87
179 95
179 103
179 105
179 106
179 109
179 110
179 114
179 124
179 125
179 128
179 130
179 133
179 137
179 140
179 141
179 148
179 149
179 150
179 151
179 152
179 154
179 156
179 158
179 162
179 163
179 164
179 169
179 175
179 176
179 178
180 1
180 13
180 16
180 17
180 35
180 38
180 42
180 48
180 52
180 53
180 54
180 55
180 67
180 70
180 74
180 77
180 79
180 82
180 96
180 99
180 101
180 102
180 104
180 108
180 110
180 123
180 125
180 128
180 133
180 134
180 138
180 140
180 145
180 148
180 158
180 159
180 162
180 163
180 167
180 171
180 173
180 179
181 2
181 3
181 5
181 6
181 8
181 16
181 18
181 20
181 28
181 31
181 32
181 34
181 37
181 38
181 43
181 46
181 55
181 57
181 58
181 74
181 88
181 105
181 107
181 108
181 115
181 119
181 120
181 121
181 124
181 128
181 130
181 132
181 134
181 135
181 136
181 138
181 143
181 144
181 148
181 158
181 159
181 161
181 164
181 168
181 171
181 173
181 174
181 178
182 6
182 35
182 39
182 43
182 46
182 51
182 55
182 70
182 74
182 86
182 88
182 89
182 97
182 125
182 130
182 150
182 158
182 159
182 173
182 175
182 176
183 4
183 12
183 14
183 19
183 23
183 27
183 37
183 38
183 39
183 46
183 51
183 80
183 82
183 83
183 87
183 96
183 105
183 106
183 116
183 117
183 118
183 120
183 123
183 132
183 141
183 145
183 146
183 148
183 153
183 156
183 165
183 168
183 169
184 3
184 7
184 13
184 24
184 25
184 26
184 27
184 32
184 37
184 39
184 43
184 53
184 56
184 57
184 70
184 74
184 75
184 76
184 78
184 84
184 86
184 90
184 93
184 94
184 97
184 98
184 100
184 102
184 103
184 104
184 114
184 115
184 118
184 121
184 122
184 124
184 130
184 139
184 148
184 149
184 150
184 155
184 156
184 159
184 160
184 161
184 162
184 163
184 164
184 170
184 172
184 173
184 178
184 179
184 180
185 10
185 17
185 23
185 25
185 37
185 39
185 44
185 51
185 61
185 70
185 78
185 81
185 87
185 104
185 108
185 123
185 125
185 128
185 132
185 138
185 145
185 150
185 155
185 157
185 160
185 163
186 20
186 25
186 36
186 37
186 42
186 47
186 88
186 89
186 100
186 104
186 125
186 126
186 148
186 158
187 3
187 6
187 12
187 14
187 18
187 19
187 27
187 31
187 35
187 39
187 42
187 43
187 45
187 46
187 51
187 53
187 54
187 55
187 58
187 62
187 64
187 69
187 70
187 73
187 80
187 82
187 83
187 86
187 87
187 89
187 90
187 91
187 96
187 100
187 101
187 104
187 111
187 114
187 116
187 119
187 126
187 127
187 128
187 129
187 132
187 134
187 139
187 148
187 161
187 162
187 163
187 164
187 171
187 178
187 180
187 181
187 183
188 2
188 6
188 12
188 14
188 23
188 24
188 29
188 30
188 32
188 35
188 42
188 43
188 46
188 47
188 48
188 53
188 57
188 65
188 69
188 76
188 86
188 89
188 97
188 104
188 118
188 121
188 124
188 132
188 134
188 136
188 138
188 144
188 148
188 151
188 152
188 159
188 169
188 170
188 180
189 0
189 1
189 2
189 3
189 9
189 10
189 12
189 13
189 15
189 17
189 24
189 26
189 27
189 29
189 30
189 31
189 32
189 33
189 36
189 37
189 40
189 49
189 51
189 54
189 55
189 56
189 66
189 67
189 69
189 71
189 74
189 75
189 77
189 78
189 79
189 82
189 85
189 87
189 96
189 97
189 100
189 101
189 102
189 103
189 104
189 108
189 109
189 110
189 113
189 114
189 117
189 121
189 123
189 128
189 132
189 137
189 138
189 139
189 146
189 149
189 151
189 153
189 154
189 155
189 158
189 159
189 160
189 167
189 169
189 173
189 174
189 176
189 177
189 187
190 1
190 2
190 4
190 8
190 12
190 13
190 18
190 20
190 28
190 45
190 47
190 53
190 55
190 57
190 60
190 70
190 78
190 82
190 85
190 86
190 93
190 94
190 103
190 106
190 108
190 109
190 118
190 121
190 123
190 127
190 130
190 135
190 142
190 147
190 152
190 155
190 158
190 160
190 162
190 163
190 167
190 173
190 187
191 2
191 5
191 8
191 12
191 15
191 29
191 32
191 36
191 39
191 41
191 42
191 46
191 51
191 56
191 57
191 61
191 63
191 67
191 69
191 78
191 81
191 82
191 90
191 91
191 92
191 93
191 105
191 107
191 113
191 114
191 121
191 122
191 123
191 124
191 128
191 130
191 131
191 132
191 136
191 139
191 141
191 144
191 149
191 150
191 153
191 158
191 159
191 161
191 162
191 163
191 165
191 171
191 176
191 177
191 178
191 180
191 181
191 184
191 186
192 10
192 16
192 17
192 24
192 25
192 29
192 30
192 35
192 42
192 43
192 44
192 47
192 50
192 51
192 55
192 56
192 65
192 66
192 70
192 71
192 74
192 76
192 79
192 87
192 102
192 103
192 106
192 125
192 128
192 134
192 144
192 145
192 152
192 154
192 156
192 158
192 159
192 162
192 170
192 172
192 179
192 181
192 183
192 184
192 190
193 3
193 6
193 23
193 32
193 33
193 45
193 50
193 51
193 58
193 69
193 70
193 74
193 93
193 97
193 117
193 118
193 137
193 146
193 152
193 159
193 162
193 169
193 176
193 181
193 188
193 190
194 3
194 24
194 25
194 26
194 27
194 29
194 31
194 38
194 42
194 46
194 47
194 51
194 69
194 78
194 79
194 90
194 91
194 101
194 103
194 104
194 108
194 110
194 114
194 126
194 132
194 135
194 136
194 138
194 145
194 146
194 150
194 160
194 162
194 163
194 166
194 169
194 178
194 181
194 187
194 189
195 11
195 27
195 38
195 44
195 53
195 56
195 57
195 58
195 60
195 73
195 75
195 76
195 77
195 85
195 95
195 99
195 105
195 107
195 109
195 110
195 119
195 124
195 125
195 130
195 132
195 160
195 162
195 163
195 166
195 179
195 188
195 192
196 0
196 1
196 2
196 5
196 8
196 11
196 13
196 14
196 17
196 19
196 22
196 23
196 24
196 25
196 33
196 35
196 36
196 40
196 44
196 45
196 47
196 48
196 50
196 51
196 54
196 55
196 61
196 74
196 75
196 77
196 78
196 80
196 81
196 87
196 90
196 93
196 94
196 95
196 97
196 98
196 102
196 104
196 106
196 108
196 109
196 114
196 116
196 117
196 129
196 132
196 136
196 142
196 145
196 148
196 152
196 158
196 159
196 165
196 170
196 171
196 173
196 174
196 175
196 178
196 179
196 180
196 187
196 191
197 4
197 10
197 13
197 16
197 17
197 19
197 24
197 27
197 28
197 44
197 46
197 48
197 50
197 56
197 57
197 62
197 66
197 70
197 78
197 79
197 87
197 94
197 97
197 99
197 116
197 121
197 123
197 125
197 127
197 143
197 147
197 149
197 161
197 163
197 166
197 171
197 174
197 176
197 184
197 194
197 195
198 3
198 9
198 13
198 15
198 17
198 18
198 19
198 20
198 24
198 25
198 27
198 32
198 34
198 37
198 47
198 48
198 50
198 57
198 59
198 60
198 61
198 78
198 81
198 82
198 85
198 88
198 95
198 96
198 98
198 100
198 103
198 106
198 109
198 110
198 114
198 118
198 120
198 123
198 129
198 133
198 137
198 139
198 143
198 144
198 145
198 148
198 150
198 157
198 158
198 159
198 160
198 167
198 169
198 171
198 174
198 175
198 177
198 179
198 181
198 184
198 185
198 191
198 192
198 194
199 1
199 3
199 8
199 16
199 17
199 19
199 23
199 24
199 29
199 30
199 32
199 45
199 47
199 50
199 58
199 59
199 60
199 64
199 66
199 67
199 71
199 73
199 78
199 80
199 83
199 86
199 93
199 98
199 99
199 101
199 103
199 104
199 108
199 114
199 116
199 118
199 121
199 122
199 123
199 125
199 130
199 131
199 132
199 133
199 135
199 136
199 138
199 139
199 140
199 145
199 149
199 150
199 151
199 155
199 158
199 159
199 163
199 166
199 167
199 170
199 173
199 176
199 178
199 183
199 187
199 189
199 190
199 191
199 197
200 3
200 12
200 17
200 20
200 27
200 37
200 41
200 46
200 48
200 78
200 93
200 103
200 112
200 121
200 124
200 125
200 135
200 138
200 142
200 154
200 162
200 173
200 179
200 183
200 184
200 191
200 194
200 198
200 199
201 5
201 12
201 16
201 25
201 26
201 32
201 37
201 43
201 44
201 50
201 57
201 75
201 78
201 87
201 92
201 102
201 106
201 111
201 120
201 124
201 127
201 134
201 149
201 151
201 163
201 165
201 167
201 175
201 176
201 195
202 14
202 15
202 16
202 18
202 25
202 29
202 31
202 42
202 44
202 66
202 69
202 82
202 101
202 102
202 105
202 109
202 118
202 134
202 136
202 138
202 139
202 145
202 148
202 157
202 158
202 165
202 174
202 175
202 176
202 186
202 194
203 2
203 3
203 4
203 8
203 12
203 15
203 18
203 20
203 22
203 27
203 29
203 31
203 32
203 33
203 39
203 42
203 51
203 52
203 57
203 58
203 62
203 69
203 72
203 74
203 75
203 80
203 89
203 90
203 92
203 98
203 101
203 111
203 118
203 121
203 132
203 134
203 135
203 136
203 147
203 149
203 173
203 175
203 178
203 184
203 188
203 191
203 196
203 198
203 202
204 2
204 12
204 14
204 15
204 16
204 18
204 19
204 29
204 34
204 37
204 38
204 39
204 47
204 49
204 50
204 51
204 52
204 53
204 55
204 58
204 62
204 64
204 65
204 74
204 76
204 79
204 82
204 83
204 85
204 90
204 93
204 95
204 97
204 98
204 101
204 103
204 106
204 112
204 117
204 118
204 119
204 123
204 125
204 126
204 131
204 132
204 133
204 134
204 136
204 137
204 143
204 146
204 149
204 152
204 155
204 158
204 159
204 161
204 162
204 163
204 165
204 169
204 175
204 176
204 180
204 183
204 184
204 186
204 188
204 192
204 193
204 196
204 198
204 199
204 200
205 2
205 11
205 13
205 20
205 22
205 24
205 25
205 26
205 27
205 30
205 32
205 35
205 37
205 38
205 43
205 44
205 47
205 52
205 58
205 60
205 61
205 65
205 68
205 69
205 70
205 72
205 75
205 76
205 77
205 85
205 86
205 90
205 93
205 96
205 97
205 102
205 104
205 105
205 107
205 110
205 113
205 116
205 119
205 120
205 122
205 125
205 129
205 131
205 135
205 144
205 146
205 154
205 155
205 160
205 161
205 169
205 173
205 174
205 175
205 176
205 179
205 180
205 185
205 189
205 192
205 198
205 199
205 200
205 201
205 202
205 203
205 204
206 10
206 23
206 24
206 48
206 53
206 54
206 55
206 61
206 64
206 66
206 69
206 73
206 76
206 79
206 87
206 88
206 94
206 105
206 108
206 122
206 137
206 141
206 144
206 149
206 167
206 173
206 178
206 179
206 180
206 182
206 187
206 190
206 195
206 197
206 205
207 2
207 6
207 8
207 9
207 13
207 18
207 22
207 25
207 30
207 31
207 37
207 38
207 39
207 47
207 50
207 53
207 55
207 58
207 64
207 69
207 78
207 82
207 83
207 84
207 88
207 89
207 91
207 97
207 98
207 99
207 101
207 105
207 106
207 109
207 116
207 121
207 122
207 123
207 125
207 128
207 132
207 133
207 134
207 136
207 143
207 148
207 158
207 159
207 161
207 162
207 165
207 172
207 180
207 191
207 192
207 203
207 204
208 2
208 5
208 8
208 11
208 16
208 18
208 22
208 30
208 31
208 32
208 37
208 38
208 42
208 44
208 47
208 48
208 50
208 51
208 53
208 56
208 57
208 58
208 59
208 62
208 66
208 75
208 76
208 83
208 84
208 88
208 90
208 91
208 93
208 97
208 102
208 103
208 104
208 107
208 108
208 109
208 112
208 113
208 117
208 119
208 125
208 127
208 128
208 130
208 132
208 133
208 135
208 138
208 140
208 146
208 150
208 151
208 153
208 154
208 158
208 163
208 165
208 166
208 169
208 171
208 172
208 173
208 174
208 176
208 178
208 179
208 185
208 189
208 195
208 196
208 203
209 17
209 18
209 19
209 20
209 25
209 39
209 41
209 44
209 50
209 55
209 58
209 67
209 74
209 80
209 86
209 96
209 97
209 99
209 106
209 108
209 109
209 135
209 137
209 146
209 148
209 164
209 178
209 191
209 207
210 2
210 8
210 18
210 19
210 35
210 39
210 40
210 41
210 46
210 47
210 52
210 54
210 55
210 77
210 78
210 81
210 88
210 90
210 94
210 103
210 104
210 105
210 106
210 116
210 122
210 123
210 128
210 129
210 134
210 140
210 145
210 150
210 153
210 158
210 163
210 164
210 168
210 169
210 176
210 190
210 197
210 203
210 206
211 4
211 19
211 26
211 28
211 29
211 32
211 41
211 47
211 48
211 49
211 62
211 64
211 66
211 69
211 74
211 75
211 85
211 86
211 88
211 95
211 104
211 106
211 109
211 114
211 119
211 120
211 125
211 127
211 130
211 137
211 139
211 142
211 147
211 150
211 152
211 153
211 161
211 164
211 179
211 180
211 187
211 192
211 193
212 1
212 2
212 7
212 12
212 18
212 19
212 31
212 32
212 36
212 42
212 49
212 51
212 52
212 54
212 60
212 61
212 70
212 74
212 75
212 79
212 82
212 83
212 88
212 91
212 98
212 100
212 101
212 102
212 108
212 109
212 114
212 116
212 124
212 125
212 135
212 139
212 148
212 154
212 155
212 160
212 161
212 164
212 165
212 166
212 169
212 175
212 178
212 180
212 183
212 187
212 189
212 190
212 191
212 192
212 195
212 196
212 197
212 199
212 204
212 206
212 207
212 211
213 5
213 11
213 21
213 24
213 27
213 33
213 35
213 37
213 39
213 42
213 46
213 48
213 50
213 52
213 55
213 69
213 75
213 77
213 81
213 84
213 87
213 88
213 90
213 94
213 100
213 105
213 106
213 107
213 108
213 118
213 122
213 133
213 134
213 138
213 139
213 143
213 145
213 146
213 151
213 155
213 157
213 158
213 165
213 170
213 171
213 176
213 178
213 179
213 187
213 191
213 192
213 209
213 210
213 212
214 0
214 3
214 16
214 19
214 24
214 29
214 39
214 42
214 43
214 45
214 47
214 50
214 63
214 72
214 73
214 88
214 92
214 95
214 104
214 110
214 119
214 120
214 124
214 130
214 131
214 153
214 157
214 158
214 167
214 168
214 170
214 173
214 178
214 179
214 184
214 189
214 190
214 192
214 196
214 197
214 198
214 206
214 207
214 210
214 212
214 213
215 3
215 5
215 19
215 27
215 48
215 51
215 69
215 71
215 85
215 110
215 115
215 116
215 120
215 122
215 136
215 152
215 177
215 180
215 181
215 185
215 202
215 209
215 214
216 2
216 4
216 8
216 12
216 27
216 29
216 37
216 39
216 47
216 53
216 57
216 58
216 62
216 65
216 66
216 74
216 76
216 78
216 81
216 84
216 87
216 95
216 108
216 117
216 120
216 127
216 135
216 137
216 138
216 141
216 145
216 147
216 148
216 152
216 155
216 157
216 168
216 169
216 172
216 174
216 175
216 181
216 185
216 192
216 195
216 197
216 203
216 205
216 207
216 209
216 212
217 2
217 4
217 16
217 23
217 24
217 39
217 41
217 46
217 48
217 49
217 53
217 54
217 55
217 57
217 65
217 68
217 69
217 70
217 72
217 75
217 77
217 79
217 83
217 87
217 88
217 94
217 97
217 98
217 101
217 102
217 104
217 118
217 130
217 136
217 138
217 140
217 148
217 149
217 150
217 157
217 159
217 165
217 167
217 168
217 181
217 183
217 187
217 189
217 191
217 198
217 201
217 205
217 208
217 209
217 210
218 3
218 4
218 6
218 12
218 14
218 18
218 19
218 24
218 27
218 29
218 37
218 39
218 41
218 42
218 46
218 50
218 51
218 52
218 53
218 54
218 55
218 56
218 57
218 58
218 59
218 60
218 67
218 68
218 69
218 72
218 74
218 75
218 78
218 81
218 82
218 96
218 97
218 98
218 99
218 101
218 104
218 106
218 108
218 109
218 111
218 116
218 118
218 121
218 123
218 130
218 135
218 136
218 138
218 139
218 141
218 142
218 144
218 150
218 156
218 158
218 159
218 165
218 168
218 171
218 172
218 173
218 179
218 180
218 181
218 184
218 190
218 198
218 201
218 202
218 207
218 208
218 214
218 215
218 216
219 9
219 12
219 16
219 18
219 19
219 24
219 27
219 29
219 30
219 34
219 39
219 47
219 48
219 50
219 53
219 54
219 55
219 57
219 65
219 70
219 76
219 77
219 78
219 80
219 82
219 92
219 94
219 100
219 105
219 108
219 110
219 117
219 119
219 122
219 123
219 128
219 139
219 143
219 148
219 150
219 152
219 154
219 161
219 169
219 171
219 172
219 173
219 176
219 177
219 178
219 179
219 186
219 191
219 196
219 197
219 198
219 199
219 200
219 204
219 205
219 218
220 17
220 21
220 24
220 25
220 35
220 37
220 39
220 47
220 51
220 53
220 54
220 57
220 58
220 67
220 68
220 69
220 72
220 73
220 79
220 80
220 87
220 89
220 93
220 97
220 101
220 102
220 110
220 112
220 115
220 122
220 123
220 125
220 128
220 130
220 132
220 134
220 136
220 149
220 151
220 152
220 153
220 154
220 167
220 174
220 176
220 179
220 184
220 187
220 188
220 191
220 196
220 199
220 206
220 208
220 214
220 219
221 0
221 8
221 10
221 12
221 19
221 20
221 21
221 23
221 29
221 31
221 32
221 39
221 51
221 52
221 57
221 75
221 76
221 77
221 79
221 82
221 95
221 97
221 103
221 110
221 118
221 119
221 123
221 129
221 138
221 139
221 143
221 152
221 155
221 157
221 158
221 159
221 165
221 174
221 185
221 192
221 195
221 199
221 201
221 204
221 208
221 209
221 218
222 1
222 7
222 16
222 20
222 23
222 25
222 26
222 28
222 37
222 41
222 42
222 45
222 53
222 57
222 62
222 65
222 66
222 69
222 82
222 83
222 86
222 87
222 89
222 96
222 103
222 106
222 107
222 110
222 111
222 116
222 122
222 124
222 125
222 135
222 148
222 150
222 153
222 154
222 155
222 156
222 158
222 161
222 163
222 164
222 165
222 167
222 168
222 171
222 174
222 185
222 188
222 190
222 193
222 199
222 202
222 203
222 204
222 205
222 207
222 213
222 214
222 221
223 10
223 12
223 24
223 33
223 34
223 42
223 48
223 54
223 69
223 71
223 74
223 76
223 85
223 88
223 89
223 95
223 100
223 119
223 137
223 138
223 141
223 150
223 158
223 162
223 170
223 173
223 178
223 179
223 184
223 195
223 200
223 202
223 205
223 222
224 4
224 5
224 7
224 8
224 17
224 23
224 26
224 39
224 42
224 44
224 47
224 48
224 51
224 55
224 58
224 62
224 63
224 66
224 67
224 69
224 78
224 84
224 94
224 95
224 96
224 97
224 98
224 104
224 106
224 111
224 114
224 121
224 124
224 127
224 128
224 130
224 132
224 136
224 143
224 145
224 148
224 151
224 152
224 159
224 163
224 164
224 170
224 172
224 184
224 191
224 193
224 196
224 199
224 207
224 211
224 216
224 221
225 0
225 2
225 5
225 10
225 12
225 17
225 18
225 19
225 24
225 25
225 26
225 27
225 32
225 39
225 42
225 47
225 60
225 61
225 62
225 63
225 69
225 72
225 73
225 75
225 76
225 77
225 80
225 84
225 85
225 88
225 94
225 100
225 103
225 105
225 110
225 114
225 117
225 118
225 120
225 124
225 128
225 129
225 130
225 132
225 135
225 141
225 144
225 150
225 151
225 152
225 157
225 158
225 163
225 164
225 170
225 171
225 173
225 175
225 179
225 184
225 185
225 190
225 192
225 194
225 203
225 204
225 206
225 208
225 210
225 224
226 2
226 19
226 21
226 26
226 31
226 38
226 47
226 50
226 51
226 55
226 62
226 70
226 72
226 76
226 78
226 83
226 90
226 95
226 97
226 101
226 106
226 108
226 113
226 116
226 119
226 123
226 131
226 132
226 134
226 136
226 140
226 159
226 162
226 165
226 176
226 178
226 179
226 181
226 182
226 187
226 190
226 207
226 210
226 222
226 224
227 1
227 4
227 13
227 27
227 32
227 43
227 48
227 49
227 55
227 56
227 66
227 71
227 73
227 75
227 86
227 114
227 116
227 133
227 134
227 145
227 150
227 160
227 161
227 173
227 174
227 184
227 189
227 197
227 205
227 208
227 215
227 221
227 222
227 225
228 2
228 11
228 13
228 19
228 22
228 31
228 32
228 37
228 56
228 57
228 69
228 90
228 92
228 100
228 102
228 104
228 118
228 120
228 134
228 135
228 138
228 143
228 148
228 149
228 152
228 155
228 159
228 160
228 187
228 189
228 204
228 207
228 216
228 218
228 219
228 222
229 1
229 17
229 20
229 25
229 28
229 30
229 41
229 47
229 48
229 57
229 62
229 67
229 74
229 100
229 103
229 108
229 153
229 155
229 158
229 161
229 164
229 169
229 175
229 184
229 191
229 192
229 197
229 207
229 215
229 218
230 1
230 2
230 5
230 7
230 12
230 14
230 22
230 23
230 24
230 25
230 29
230 31
230 35
230 41
230 43
230 44
230 46
230 50
230 51
230 57
230 64
230 66
230 71
230 72
230 73
230 74
230 76
230 79
230 80
230 82
230 84
230 86
230 88
230 91
230 96
230 97
230 100
230 102
230 105
230 108
230 109
230 110
230 114
230 116
230 124
230 133
230 137
230 148
230 150
230 162
230 164
230 165
230 169
230 171
230 175
230 177
230 183
230 184
230 189
230 193
230 195
230 197
230 200
230 204
230 206
230 207
230 208
230 209
230 212
230 215
230 216
230 217
230 218
230 219
230 220
230 225
230 226
230 227
231 0
231 6
231 8
231 11
231 23
231 26
231 35
231 37
231 43
231 45
231 50
231 51
231 55
231 60
231 62
231 66
231 67
231 72
231 75
231 78
231 84
231 89
231 91
231 93
231 99
231 130
231 132
231 135
231 146
231 153
231 156
231 159
231 161
231 164
231 168
231 169
231 174
231 181
231 186
231 205
231 207
231 210
231 215
231 216
231 217
231 218
231 222
231 224
231 230
232 8
232 10
232 14
232 19
232 22
232 23
232 27
232 28
232 29
232 31
232 42
232 46
232 53
232 55
232 56
232 57
232 58
232 69
232 72
232 75
232 82
232 88
232 90
232 108
232 118
232 119
232 132
232 133
232 153
232 159
232 160
232 167
232 188
232 191
232 222
232 228
233 0
233 3
233 12
233 18
233 22
233 25
233 37
233 44
233 55
233 62
233 71
233 73
233 74
233 78
233 82
233 97
233 105
233 107
233 113
233 117
233 119
233 126
233 132
233 134
233 146
233 149
233 151
233 152
233 161
233 162
233 164
233 170
233 173
233 179
233 182
233 189
233 218
233 221
233 231
234 1
234 4
234 7
234 8
234 14
234 15
234 17
234 19
234 24
234 28
234 29
234 30
234 34
234 38
234 48
234 49
234 51
234 53
234 55
234 56
234 57
234 59
234 61
234 62
234 69
234 71
234 72
234 75
234 76
234 78
234 87
234 88
234 89
234 96
234 100
234 102
234 104
234 106
234 108
234 123
234 128
234 132
234 133
234 136
234 137
234 139
234 144
234 145
234 148
234 149
234 150
234 152
234 158
234 159
234 162
234 167
234 170
234 175
234 176
234 178
234 180
234 183
234 189
234 191
234 196
234 197
234 210
234 212
234 214
234 224
234 225
234 229
234 231
234 232
235 2
235 3
235 4
235 6
235 8
235 18
235 20
235 30
235 35
235 37
235 38
235 39
235 41
235 44
235 52
235 53
235 55
235 66
235 70
235 74
235 88
235 93
235 95
235 103
235 121
235 125
235 140
235 148
235 152
235 159
235 160
235 165
235 167
235 169
235 172
235 184
235 191
235 192
235 209
235 213
235 216
235 225
235 229
235 230
236 3
236 4
236 8
236 9
236 11
236 18
236 19
236 20
236 22
236 25
236 29
236 32
236 33
236 36
236 37
236 38
236 39
236 41
236 45
236 46
236 48
236 54
236 56
236 67
236 73
236 79
236 80
236 82
236 83
236 85
236 88
236 90
236 92
236 96
236 101
236 105
236 106
236 109
236 113
236 115
236 117
236 119
236 124
236 130
236 136
236 140
236 141
236 145
236 146
236 147
236 148
236 161
236 163
236 168
236 169
236 172
236 173
236 174
236 175
236 178
236 179
236 180
236 184
236 189
236 192
236 194
236 196
236 197
236 200
236 208
236 210
236 211
236 212
236 216
236 217
236 219
236 220
236 221
236 222
236 224
236 229
236 230
236 232
237 3
237 6
237 8
237 12
237 27
237 28
237 34
237 36
237 38
237 39
237 51
237 52
237 55
237 74
237 75
237 87
237 89
237 116
237 122
237 123
237 134
237 138
237 161
237 173
237 199
237 204
237 205
237 210
237 222
237 224
237 225
237 226
237 230
238 2
238 3
238 6
238 8
238 10
238 14
238 15
238 18
238 19
238 23
238 24
238 26
238 27
238 29
238 30
238 33
238 34
238 37
238 38
238 39
238 40
238 43
238 45
238 46
238 47
238 48
238 53
238 54
238 55
238 57
238 62
238 63
238 66
238 67
238 68
238 69
238 73
238 75
238 77
238 78
238 79
238 81
238 85
238 90
238 92
238 100
238 101
238 103
238 104
238 108
238 109
238 114
238 115
238 117
238 118
238 119
238 120
238 121
238 129
238 134
238 135
238 136
238 137
238 138
238 145
238 147
238 148
238 149
238 150
238 151
238 157
238 159
238 164
238 165
238 166
238 170
238 171
238 172
238 175
238 178
238 179
238 182
238 183
238 185
238 188
238 191
238 192
238 195
238 196
238 198
238 199
238 213
238 214
238 221
238 222
238 223
238 225
239 7
239 15
239 18
239 20
239 22
239 28
239 31
239 33
239 37
239 38
239 45
239 46
239 50
239 51
239 52
239 55
239 61
239 67
239 78
239 80
239 83
239 87
239 90
239 98
239 99
239 101
239 108
239 109
239 117
239 118
239 119
239 122
239 123
239 128
239 137
239 140
239 144
239 150
239 153
239 158
239 159
239 162
239 163
239 169
239 170
239 172
239 174
239 176
239 178
239 179
239 181
239 184
239 187
239 190
239 191
239 193
239 199
239 207
239 210
239 214
239 218
239 219
239 222
239 225
239 230
239 235
240 32
240 49
240 58
240 65
240 69
240 70
240 88
240 100
240 105
240 106
240 114
240 124
240 130
240 139
240 144
240 148
240 180
240 184
240 189
240 192
240 202
240 207
240 238
240 239
241 1
241 2
241 17
241 18
241 23
241 45
241 47
241 48
241 50
241 53
241 54
241 58
241 67
241 74
241 86
241 87
241 90
241 97
241 103
241 104
241 107
241 108
241 121
241 123
241 128
241 140
241 158
241 168
241 169
241 179
241 187
241 189
241 208
241 218
241 225
242 2
242 3
242 18
242 19
242 23
242 24
242 27
242 35
242 44
242 53
242 55
242 62
242 66
242 67
242 75
242 78
242 82
242 89
242 95
242 101
242 107
242 116
242 134
242 145
242 161
242 162
242 169
242 171
242 176
242 178
242 192
242 199
242 212
242 219
242 230
243 4
243 5
243 11
243 19
243 25
243 30
243 32
243 37
243 39
243 43
243 46
243 48
243 49
243 50
243 51
243 53
243 57
243 59
243 62
243 63
243 68
243 70
243 73
243 76
243 82
243 87
243 88
243 91
243 94
243 96
243 100
243 104
243 114
243 122
243 124
243 125
243 128
243 129
243 132
243 134
243 136
243 144
243 145
243 146
243 148
243 152
243 162
243 164
243 169
243 170
243 173
243 176
243 180
243 187
243 188
243 190
243 196
243 197
243 198
243 200
243 203
243 209
243 216
243 218
243 220
243 225
243 228
243 231
243 236
243 238
244 10
244 11
244 13
244 14
244 19
244 20
244 22
244 24
244 29
244 34
244 36
244 43
244 46
244 48
244 50
244 51
244 57
244 60
244 63
244 68
244 70
244 73
244 77
244 78
244 79
244 80
244 82
244 83
244 87
244 90
244 93
244 94
244 95
244 107
244 113
244 117
244 119
244 129
244 131
244 132
244 135
244 136
244 137
244 138
244 141
244 152
244 158
244 160
244 162
244 165
244 174
244 175
244 176
244 186
244 187
244 191
244 195
244 198
244 199
244 200
244 201
244 204
244 205
244 213
244 214
244 217
244 218
244 221
244 225
244 226
244 230
244 234
244 238
244 239
244 240
244 243
245 2
245 3
245 4
245 6
245 13
245 14
245 16
245 19
245 25
245 28
245 30
245 31
245 43
245 44
245 46
245 47
245 51
245 55
245 57
245 60
245 70
245 72
245 79
245 87
245 91
245 93
245 94
245 95
245 99
245 103
245 104
245 106
245 109
245 115
245 118
245 124
245 125
245 128
245 138
245 141
245 146
245 147
245 153
245 156
245 157
245 159
245 163
245 165
245 173
245 174
245 182
245 183
245 186
245 191
245 192
245 194
245 195
245 196
245 198
245 201
245 212
245 213
245 216
245 218
245 219
245 220
245 222
245 224
245 227
245 240
246 0
246 2
246 5
246 11
246 19
246 25
246 31
246 33
246 36
246 37
246 39
246 40
246 41
246 46
246 51
246 52
246 53
246 55
246 56
246 62
246 65
246 67
246 72
246 73
246 75
246 76
246 81
246 83
246 87
246 88
246 89
246 92
246 95
246 97
246 98
246 99
246 108
246 120
246 123
246 126
246 127
246 132
246 140
246 141
246 143
246 145
246 146
246 149
246 151
246 152
246 153
246 154
246 155
246 156
246 158
246 161
246 163
246 171
246 172
246 176
246 180
246 181
246 186
246 187
246 189
246 195
246 196
246 200
246 203
246 205
246 206
246 207
246 208
246 209
246 211
246 215
246 217
246 218
246 219
246 222
246 224
246 229
246 231
246 232
246 236
246 237
246 238
246 243
246 244
247 24
247 27
247 32
247 34
247 37
247 42
247 43
247 47
247 48
247 53
247 57
247 58
247 74
247 83
247 93
247 101
247 107
247 114
247 116
247 125
247 137
247 150
247 152
247 158
247 159
247 161
247 170
247 173
247 175
247 183
247 187
247 196
247 207
247 228
247 236
248 4
248 8
248 19
248 22
248 40
248 42
248 46
248 51
248 54
248 61
248 70
248 71
248 85
248 86
248 105
248 113
248 116
248 118
248 119
248 124
248 127
248 129
248 135
248 136
248 145
248 149
248 152
248 153
248 155
248 159
248 160
248 165
248 174
248 179
248 187
248 198
248 199
248 204
248 205
248 220
248 223
248 236
248 246
249 1
249 5
249 7
249 10
249 12
249 13
249 17
249 18
249 19
249 23
249 24
249 27
249 30
249 32
249 33
249 35
249 36
249 37
249 39
249 40
249 41
249 42
249 43
249 46
249 47
249 48
249 52
249 53
249 56
249 58
249 59
249 60
249 62
249 63
249 64
249 70
249 78
249 80
249 81
249 83
249 93
249 100
249 104
249 108
249 112
249 114
249 120
249 121
249 122
249 123
249 124
249 128
249 131
249 132
249 134
249 138
249 141
249 152
249 153
249 155
249 158
249 162
249 163
249 166
249 173
249 179
249 183
249 185
249 188
249 189
249 190
249 194
249 195
249 196
249 199
249 207
249 208
249 212
249 218
249 223
249 226
249 227
249 228
249 229
249 230
249 232
249 233
249 234
249 239
249 245
249 246
250 0
250 3
250 7
250 17
250 18
250 20
250 21
250 22
250 24
250 27
250 33
250 34
250 36
250 41
250 42
250 43
250 44
250 46
250 47
250 48
250 52
250 53
250 57
250 60
250 61
250 62
250 64
250 68
250 72
250 74
250 80
250 81
250 84
250 87
250 88
250 90
250 95
250 97
250 103
250 104
250 105
250 106
250 109
250 120
250 121
250 122
250 124
250 129
250 132
250 137
250 140
250 143
250 144
250 146
250 148
250 150
250 152
250 155
250 161
250 163
250 172
250 176
250 184
250 185
250 188
250 189
250 190
250 195
250 201
250 204
250 208
250 215
250 227
250 229
250 231
250 234
250 235
250 238
250 239
250 242
250 245
251 0
251 1
251 2
251 3
251 5
251 7
251 9
251 14
251 23
251 25
251 31
251 32
251 36
251 38
251 43
251 48
251 51
251 54
251 55
251 56
251 60
251 65
251 72
251 74
251 78
251 79
251 81
251 88
251 90
251 91
251 94
251 95
251 97
251 102
251 103
251 108
251 114
251 118
251 128
251 136
251 139
251 149
251 152
251 153
251 157
251 158
251 169
251 170
251 173
251 174
251 175
251 179
251 181
251 182
251 183
251 184
251 187
251 192
251 193
251 197
251 199
251 207
251 210
251 212
251 213
251 215
251 217
251 218
251 220
251 221
251 222
251 243
251 244
251 248
251 249
252 15
252 25
252 27
252 29
252 30
252 31
252 34
252 37
252 44
252 56
252 57
252 58
252 64
252 67
252 84
252 90
252 100
252 106
252 109
252 112
252 116
252 118
252 134
252 137
252 148
252 157
252 161
252 163
252 166
252 176
252 192
252 195
252 199
252 203
252 212
252 213
252 218
252 222
252 229
252 233
252 234
252 236
252 242
252 244
252 245
252 249
252 251
253 2
253 5
253 16
253 22
253 24
253 27
253 37
253 38
253 42
253 45
253 48
253 52
253 56
253 58
253 62
253 66
253 77
253 82
253 85
253 88
253 96
253 97
253 108
253 111
253 132
253 138
253 144
253 148
253 159
253 160
253 162
253 166
253 170
253 171
253 173
253 184
253 188
253 191
253 192
253 196
253 198
253 203
253 204
253 206
253 212
253 213
253 216
253 218
253 221
253 222
253 230
253 233
253 234
253 241
253 246
253 248
254 4
254 5
254 8
254 10
254 15
254 17
254 18
254 20
254 21
254 23
254 26
254 29
254 30
254 35
254 38
254 44
254 45
254 46
254 47
254 48
254 50
254 52
254 53
254 54
254 67
254 70
254 74
254 80
254 82
254 83
254 84
254 86
254 87
254 98
254 101
254 103
254 104
254 105
254 106
254 109
254 110
254 113
254 114
254 116
254 120
254 123
254 125
254 134
254 136
254 139
254 140
254 141
254 146
254 148
254 151
254 160
254 161
254 165
254 170
254 172
254 173
254 174
254 175
254 176
254 177
254 179
254 180
254 184
254 185
254 187
254 188
254 190
254 193
254 196
254 198
254 203
254 204
254 206
254 210
254 211
254 213
254 214
254 215
254 216
254 218
254 224
254 225
254 226
254 230
254 231
254 236
254 240
254 244
254 248
254 250
254 252
255 6
255 8
255 10
255 12
255 14
255 17
255 18
255 19
255 24
255 26
255 34
255 40
255 41
255 43
255 45
255 47
255 57
255 58
255 59
255 62
255 67
255 71
255 76
255 83
255 84
255 87
255 88
255 91
255 93
255 102
255 103
255 106
255 115
255 116
255 122
255 129
255 130
255 135
255 136
255 138
255 142
255 146
255 148
255 154
255 155
255 158
255 159
255 163
255 165
255 170
255 174
255 175
255 178
255 187
255 189
255 197
255 199
255 204
255 205
255 207
255 210
255 215
255 218
255 219
255 220
255 223
255 227
255 229
255 230
255 233
255 234
255 236
255 237
255 238
255 239
255 242
255 244
255 245
255 247
255 250
255 252
255 253
256 17
256 20
256 44
256 53
256 56
256 60
256 80
256 83
256 106
256 117
256 118
256 119
256 123
256 132
256 134
256 135
256 147
256 148
256 153
256 155
256 156
256 170
256 178
256 181
256 183
256 187
256 191
256 201
256 203
256 207
256 213
256 214
256 218
256 224
256 228
256 231
256 243
256 249
257 0
257 4
257 6
257 8
257 16
257 17
257 18
257 20
257 23
257 27
257 28
257 31
257 47
257 48
257 49
257 55
257 85
257 89
257 91
257 102
257 104
257 129
257 132
257 140
257 151
257 158
257 165
257 166
257 175
257 176
257 181
257 190
257 195
257 196
257 198
257 205
257 207
257 208
257 216
257 220
257 229
257 230
257 231
257 233
257 243
257 249
257 252
257 253
257 254
258 3
258 7
258 14
258 16
258 20
258 24
258 25
258 32
258 33
258 36
258 37
258 39
258 48
258 49
258 53
258 54
258 59
258 61
258 62
258 71
258 78
258 82
258 87
258 92
258 95
258 97
258 99
258 100
258 104
258 107
258 108
258 111
258 112
258 116
258 117
258 118
258 120
258 121
258 123
258 125
258 126
258 128
258 129
258 130
258 132
258 135
258 139
258 141
258 144
258 145
258 150
258 155
258 157
258 162
258 168
258 169
258 171
258 174
258 176
258 179
258 180
258 182
258 185
258 187
258 189
258 197
258 198
258 203
258 205
258 206
258 208
258 209
258 215
258 216
258 217
258 219
258 221
258 224
258 227
258 230
258 231
258 243
258 246
258 249
258 251
258 253
258 254
258 255
258 257
259 4
259 12
259 16
259 23
259 30
259 34
259 41
259 42
259 43
259 48
259 55
259 56
259 58
259 67
259 72
259 77
259 83
259 85
259 86
259 88
259 89
259 91
259 98
259 101
259 105
259 106
259 109
259 116
259 118
259 121
259 123
259 125
259 132
259 133
259 134
259 137
259 140
259 142
259 144
259 146
259 148
259 155
259 157
259 161
259 170
259 173
259 174
259 175
259 176
259 184
259 186
259 191
259 192
259 193
259 199
259 201
259 205
259 206
259 209
259 212
259 214
259 217
259 218
259 231
259 234
259 254
259 255
259 258
260 3
260 12
260 17
260 18
260 20
260 28
260 29
260 34
260 36
260 43
260 44
260 47
260 49
260 65
260 78
260 84
260 88
260 90
260 96
260 107
260 116
260 121
260 122
260 125
260 126
260 142
260 152
260 155
260 159
260 168
260 175
260 184
260 185
260 189
260 207
260 217
260 218
260 222
260 224
260 245
260 246
260 251
260 254
260 255
261 0
261 6
261 7
261 8
261 10
261 14
261 15
261 20
261 23
261 24
261 25
261 28
261 30
261 37
261 40
261 46
261 47
261 49
261 55
261 56
261 60
261 65
261 68
261 71
261 72
261 74
261 77
261 79
261 82
261 83
261 85
261 86
261 87
261 93
261 97
261 99
261 100
261 102
261 103
261 108
261 116
261 117
261 120
261 124
261 125
261 128
261 131
261 136
261 139
261 140
261 141
261 143
261 146
261 147
261 148
261 150
261 151
261 152
261 155
261 159
261 167
261 168
261 169
261 170
261 171
261 173
261 174
261 176
261 177
261 181
261 185
261 186
261 188
261 190
261 196
261 203
261 204
261 205
261 211
261 214
261 224
261 225
261 227
261 230
261 235
261 244
261 246
261 247
261 249
261 251
261 255
261 258
261 260
262 3
262 4
262 14
262 18
262 19
262 24
262 27
262 29
262 31
262 36
262 39
262 40
262 43
262 48
262 55
262 59
262 60
262 64
262 67
262 70
262 74
262 76
262 80
262 82
262 87
262 89
262 90
262 91
262 99
262 103
262 114
262 118
262 122
262 123
262 125
262 127
262 129
262 132
262 138
262 141
262 145
262 146
262 150
262 151
262 152
262 158
262 160
262 161
262 166
262 168
262 169
262 172
262 174
262 178
262 182
262 185
262 186
262 187
262 189
262 197
262 200
262 203
262 204
262 205
262 208
262 215
262 216
262 217
262 220
262 221
262 225
262 226
262 239
262 243
262 244
262 249
262 251
262 255
262 257
262 260
262 261
263 0
263 1
263 4
263 6
263 16
263 22
263 26
263 28
263 29
263 31
263 37
263 43
263 48
263 58
263 87
263 90
263 92
263 98
263 104
263 105
263 106
263 109
263 110
263 112
263 113
263 122
263 123
263 124
263 125
263 130
263 131
263 132
263 136
263 142
263 143
263 149
263 154
263 159
263 160
263 161
263 162
263 172
263 176
263 180
263 196
263 198
263 199
263 205
263 210
263 212
263 218
263 222
263 228
263 235
263 237
263 239
263 243
263 245
263 249
263 251
263 254
263 256
263 257
263 258
263 262
264 3
264 19
264 20
264 24
264 29
264 30
264 43
264 44
264 74
264 75
264 76
264 103
264 106
264 108
264 115
264 122
264 124
264 150
264 152
264 154
264 170
264 172
264 174
264 177
264 178
264 180
264 205
264 217
264 218
264 225
264 234
264 239
264 250
264 254
264 258
264 259
264 263
265 1
265 16
265 18
265 19
265 23
265 24
265 26
265 29
265 32
265 39
265 42
265 48
265 54
265 62
265 64
265 65
265 75
265 82
265 83
265 85
265 88
265 90
265 97
265 106
265 110
265 121
265 122
265 124
265 130
265 131
265 138
265 152
265 159
265 160
265 170
265 174
265 176
265 179
265 180
265 181
265 191
265 204
265 205
265 206
265 208
265 209
265 212
265 217
265 218
265 234
265 241
265 244
265 251
265 255
265 258
265 261
265 263
266 3
266 4
266 6
266 9
266 11
266 17
266 18
266 21
266 23
266 24
266 28
266 34
266 37
266 41
266 49
266 50
266 51
266 54
266 55
266 56
266 62
266 70
266 72
266 79
266 82
266 83
266 84
266 85
266 89
266 97
266 102
266 114
266 125
266 127
266 133
266 134
266 135
266 136
266 137
266 138
266 139
266 146
266 148
266 150
266 152
266 155
266 159
266 160
266 163
266 166
266 172
266 173
266 174
266 175
266 176
266 178
266 179
266 180
266 182
266 184
266 188
266 190
266 194
266 197
266 199
266 202
266 204
266 207
266 209
266 216
266 223
266 227
266 240
266 241
266 246
266 248
266 250
266 251
266 258
266 261
266 263
267 2
267 3
267 4
267 6
267 7
267 10
267 13
267 14
267 15
267 16
267 17
267 18
267 19
267 21
267 23
267 24
267 25
267 26
267 29
267 30
267 31
267 34
267 37
267 40
267 42
267 47
267 53
267 55
267 57
267 59
267 69
267 71
267 74
267 78
267 82
267 87
267 88
267 89
267 90
267 91
267 93
267 94
267 95
267 102
267 106
267 109
267 110
267 111
267 114
267 115
267 116
267 117
267 118
267 123
267 124
267 125
267 126
267 127
267 132
267 137
267 139
267 143
267 145
267 151
267 152
267 153
267 156
267 157
267 158
267 160
267 163
267 167
267 172
267 173
267 174
267 176
267 178
267 179
267 180
267 181
267 183
267 186
267 187
267 189
267 190
267 192
267 194
267 196
267 199
267 201
267 204
267 206
267 207
267 210
267 215
267 217
267 218
267 221
267 223
267 228
267 230
267 231
267 233
267 239
267 242
267 243
267 245
267 246
267 249
267 250
267 251
267 252
267 253
267 256
267 258
267 260
267 261
267 265
268 3
268 4
268 8
268 10
268 14
268 16
268 25
268 26
268 39
268 43
268 46
268 47
268 50
268 66
268 69
268 70
268 74
268 75
268 93
268 94
268 103
268 107
268 108
268 110
268 119
268 122
268 129
268 132
268 133
268 134
268 135
268 137
268 138
268 140
268 154
268 156
268 161
268 172
268 175
268 184
268 187
268 189
268 196
268 204
268 205
268 210
268 214
268 217
268 218
268 223
268 224
268 231
268 237
268 238
268 249
268 252
268 254
268 258
268 259
269 3
269 11
269 12
269 14
269 18
269 19
269 20
269 24
269 35
269 38
269 39
269 43
269 46
269 48
269 52
269 53
269 54
269 61
269 67
269 75
269 85
269 86
269 87
269 88
269 95
269 100
269 108
269 109
269 110
269 113
269 116
269 118
269 130
269 132
269 136
269 142
269 145
269 147
269 148
269 150
269 153
269 164
269 165
269 166
269 173
269 175
269 178
269 181
269 187
269 188
269 191
269 196
269 198
269 204
269 205
269 208
269 212
269 213
269 214
269 216
269 222
269 223
269 230
269 234
269 235
269 239
269 244
269 250
269 257
269 258
269 262
270 3
270 6
270 11
270 13
270 14
270 15
270 18
270 19
270 22
270 25
270 27
270 35
270 38
270 39
270 42
270 43
270 47
270 48
270 53
270 56
270 61
270 69
270 71
270 72
270 73
270 86
270 92
270 100
270 102
270 104
270 106
270 113
270 115
270 117
270 119
270 120
270 123
270 124
270 130
270 131
270 132
270 134
270 142
270 150
270 151
270 155
270 158
270 163
270 164
270 166
270 170
270 177
270 179
270 180
270 187
270 191
270 192
270 194
270 203
270 204
270 208
270 212
270 216
270 218
270 219
270 222
270 225
270 230
270 234
270 240
270 241
270 243
270 246
270 247
270 250
270 253
270 259
270 262
270 265
270 267
270 268
270 269
271 0
271 2
271 6
271 18
271 20
271 23
271 24
271 27
271 28
271 36
271 40
271 42
271 44
271 47
271 55
271 56
271 57
271 66
271 69
271 70
271 73
271 74
271 78
271 82
271 83
271 92
271 93
271 102
271 109
271 123
271 125
271 127
271 137
271 139
271 140
271 149
271 152
271 156
271 158
271 160
271 165
271 166
271 168
271 169
271 176
271 178
271 179
271 184
271 191
271 192
271 195
271 196
271 200
271 205
271 207
271 208
271 213
271 216
271 217
271 219
271 222
271 226
271 236
271 238
271 243
271 245
271 252
271 258
271 259
271 268
272 3
272 4
272 8
272 11
272 12
272 13
272 19
272 20
272 24
272 25
272 29
272 33
272 34
272 36
272 38
272 44
272 46
272 48
272 51
272 54
272 57
272 58
272 64
272 65
272 67
272 74
272 78
272 80
272 84
272 86
272 87
272 100
272 105
272 106
272 118
272 121
272 122
272 124
272 127
272 129
272 134
272 137
272 142
272 146
272 148
272 149
272 152
272 155
272 157
272 160
272 162
272 163
272 165
272 170
272 173
272 174
272 186
272 187
272 188
272 190
272 191
272 193
272 194
272 206
272 207
272 208
272 213
272 221
272 226
272 230
272 233
272 234
272 241
272 242
272 247
272 248
272 251
272 252
272 254
272 258
272 259
272 265
272 270
273 1
273 2
273 3
273 5
273 7
273 9
273 10
273 17
273 18
273 19
273 20
273 22
273 26
273 27
273 34
273 35
273 43
273 44
273 47
273 48
273 49
273 51
273 52
273 53
273 54
273 59
273 61
273 63
273 64
273 68
273 70
273 72
273 82
273 87
273 88
273 90
273 91
273 95
273 99
273 100
273 104
273 108
273 109
273 118
273 121
273 123
273 136
273 138
273 139
273 140
273 141
273 146
273 148
273 150
273 151
273 152
273 155
273 156
273 157
273 159
273 164
273 165
273 167
273 169
273 172
273 175
273 180
273 183
273 184
273 189
273 192
273 197
273 201
273 202
273 203
273 205
273 206
273 207
273 208
273 211
273 212
273 217
273 219
273 220
273 224
273 225
273 226
273 228
273 230
273 235
273 236
273 237
273 241
273 243
273 245
273 248
273 249
273 250
273 252
273 253
273 254
273 264
273 265
273 267
273 268
274 8
274 23
274 26
274 34
274 41
274 42
274 44
274 49
274 51
274 53
274 55
274 60
274 88
274 95
274 107
274 109
274 112
274 114
274 116
274 124
274 132
274 133
274 135
274 137
274 138
274 148
274 159
274 172
274 174
274 179
274 185
274 191
274 193
274 196
274 200
274 212
274 222
274 236
274 254
274 255
274 261
274 263
274 268
274 270
274 273
275 7
275 8
275 13
275 15
275 18
275 23
275 32
275 39
275 44
275 50
275 51
275 56
275 60
275 61
275 67
275 76
275 82
275 96
275 106
275 110
275 112
275 118
275 120
275 122
275 125
275 133
275 134
275 144
275 145
275 152
275 158
275 160
275 163
275 165
275 166
275 171
275 173
275 174
275 176
275 177
275 179
275 180
275 183
275 191
275 192
275 199
275 202
275 207
275 212
275 215
275 224
275 239
275 246
275 252
275 256
275 258
275 263
275 265
275 266
275 267
275 272
276 2
276 7
276 14
276 18
276 24
276 36
276 37
276 39
276 41
276 42
276 44
276 53
276 54
276 64
276 70
276 72
276 82
276 84
276 86
276 88
276 92
276 95
276 99
276 101
276 104
276 106
276 109
276 117
276 119
276 122
276 136
276 138
276 140
276 146
276 148
276 151
276 152
276 156
276 163
276 171
276 176
276 177
276 178
276 179
276 181
276 188
276 189
276 190
276 192
276 199
276 202
276 204
276 205
276 207
276 211
276 212
276 214
276 219
276 230
276 231
276 236
276 238
276 244
276 245
276 251
276 254
276 266
276 269
276 270
276 271
276 272
277 19
277 34
277 41
277 53
277 54
277 58
277 75
277 86
277 106
277 130
277 138
277 140
277 145
277 147
277 165
277 187
277 189
277 204
277 215
277 216
277 221
277 230
277 249
277 250
277 267
277 273
278 1
278 8
278 14
278 15
278 16
278 17
278 20
278 25
278 28
278 32
278 39
278 51
278 54
278 56
278 58
278 62
278 73
278 74
278 75
278 80
278 89
278 95
278 103
278 115
278 119
278 121
278 124
278 125
278 130
278 135
278 145
278 155
278 158
278 169
278 171
278 176
278 183
278 189
278 192
278 195
278 205
278 207
278 224
278 225
278 227
278 231
278 236
278 243
278 244
278 246
278 251
278 254
278 257
278 260
278 261
278 263
278 264
278 266
278 267
278 270
279 3
279 8
279 15
279 18
279 21
279 34
279 35
279 37
279 42
279 43
279 47
279 48
279 52
279 53
279 54
279 57
279 58
279 62
279 66
279 67
279 69
279 70
279 71
279 74
279 75
279 76
279 77
279 78
279 79
279 81
279 83
279 87
279 89
279 90
279 98
279 103
279 108
279 109
279 112
279 113
279 114
279 115
279 119
279 120
279 121
279 123
279 132
279 133
279 134
279 136
279 142
279 151
279 152
279 155
279 158
279 161
279 170
279 172
279 176
279 179
279 185
279 191
279 196
279 197
279 199
279 200
279 204
279 205
279 209
279 213
279 214
279 216
279 218
279 226
279 230
279 234
279 236
279 239
279 240
279 243
279 249
279 252
279 254
279 256
279 257
279 259
279 265
279 266
279 271
279 273
279 276
279 277
279 278
280 1
280 9
280 11
280 12
280 14
280 16
280 17
280 20
280 23
280 37
280 38
280 39
280 52
280 53
280 55
280 56
280 57
280 58
280 60
280 63
280 66
280 69
280 70
280 72
280 76
280 82
280 85
280 88
280 98
280 103
280 105
280 108
280 109
280 110
280 116
280 126
280 138
280 145
280 150
280 155
280 158
280 160
280 163
280 164
280 168
280 169
280 170
280 171
280 176
280 178
280 180
280 181
280 184
280 185
280 186
280 188
280 189
280 190
280 192
280 195
280 198
280 200
280 201
280 205
280 208
280 217
280 231
280 232
280 235
280 241
280 250
280 251
280 253
280 254
280 255
280 259
280 261
280 265
280 266
280 267
280 269
280 270
280 271
280 273
280 274
280 277
281 6
281 16
281 25
281 29
281 39
281 41
281 43
281 62
281 74
281 90
281 93
281 97
281 104
281 106
281 126
281 127
281 128
281 159
281 161
281 169
281 174
281 179
281 180
281 187
281 208
281 217
281 222
281 224
281 229
281 231
281 238
281 248
281 252
281 261
281 263
281 266
282 0
282 1
282 8
282 18
282 19
282 27
282 29
282 32
282 33
282 36
282 37
282 42
282 47
282 48
282 53
282 58
282 61
282 63
282 69
282 74
282 82
282 84
282 86
282 88
282 92
282 101
282 103
282 110
282 111
282 113
282 122
282 126
282 132
282 133
282 145
282 149
282 150
282 155
282 159
282 162
282 163
282 165
282 170
282 171
282 177
282 179
282 181
282 185
282 189
282 190
282 191
282 196
282 198
282 203
282 208
282 222
282 229
282 239
282 240
282 241
282 246
282 250
282 257
282 260
282 261
282 264
282 266
282 267
282 271
282 274
282 280
283 6
283 18
283 20
283 41
283 64
283 69
283 72
283 73
283 74
283 82
283 84
283 87
283 91
283 94
283 104
283 105
283 116
283 122
283 123
283 125
283 127
283 129
283 130
283 132
283 133
283 151
283 163
283 170
283 190
283 210
283 220
283 228
283 230
283 239
283 243
283 245
283 249
283 250
283 251
283 273
284 3
284 4
284 7
284 12
284 16
284 17
284 21
284 26
284 27
284 32
284 35
284 36
284 40
284 42
284 44
284 46
284 47
284 53
284 55
284 57
284 67
284 74
284 77
284 79
284 82
284 83
284 86
284 87
284 95
284 100
284 101
284 102
284 108
284 117
284 122
284 124
284 133
284 136
284 137
284 138
284 148
284 152
284 159
284 164
284 168
284 174
284 175
284 184
284 189
284 193
284 199
284 201
284 204
284 215
284 226
284 233
284 234
284 245
284 248
284 249
284 253
284 261
284 262
284 278
285 1
285 3
285 6
285 9
285 21
285 24
285 25
285 26
285 27
285 28
285 30
285 32
285 38
285 39
285 41
285 44
285 47
285 55
285 60
285 70
285 73
285 76
285 78
285 86
285 88
285 90
285 91
285 92
285 93
285 101
285 102
285 108
285 109
285 110
285 112
285 123
285 127
285 128
285 130
285 132
285 134
285 135
285 138
285 139
285 144
285 145
285 151
285 156
285 157
285 159
285 161
285 164
285 169
285 173
285 175
285 178
285 187
285 189
285 193
285 196
285 197
285 201
285 202
285 205
285 209
285 218
285 219
285 220
285 221
285 223
285 226
285 230
285 232
285 233
285 235
285 240
285 243
285 245
285 250
285 262
285 263
285 265
285 267
285 268
285 271
285 272
285 273
285 276
285 279
285 280
285 284
286 3
286 4
286 5
286 6
286 7
286 17
286 18
286 23
286 26
286 28
286 29
286 32
286 34
286 39
286 41
286 43
286 44
286 46
286 53
286 55
286 58
286 61
286 62
286 66
286 67
286 70
286 74
286 75
286 76
286 78
286 79
286 84
286 91
286 97
286 98
286 101
286 103
286 106
286 108
286 109
286 111
286 114
286 116
286 117
286 123
286 125
286 134
286 135
286 141
286 143
286 151
286 152
286 157
286 163
286 166
286 168
286 170
286 171
286 173
286 174
286 175
286 180
286 185
286 186
286 188
286 189
286 198
286 199
286 200
286 201
286 205
286 210
286 212
286 215
286 218
286 220
286 222
286 225
286 226
286 230
286 233
286 234
286 236
286 238
286 239
286 241
286 245
286 246
286 250
286 254
286 255
286 256
286 258
286 260
286 261
286 263
286 266
286 267
286 270
286 271
286 276
286 280
286 282
286 284
286 285
287 2
287 6
287 17
287 18
287 20
287 23
287 35
287 37
287 43
287 44
287 51
287 61
287 72
287 73
287 74
287 78
287 80
287 82
287 83
287 84
287 88
287 93
287 94
287 97
287 101
287 114
287 117
287 121
287 123
287 130
287 132
287 140
287 144
287 145
287 148
287 151
287 160
287 169
287 178
287 180
287 183
287 188
287 191
287 192
287 193
287 198
287 209
287 211
287 212
287 217
287 225
287 236
287 238
287 239
287 240
287 241
287 249
287 251
287 254
287 256
287 263
287 267
287 270
287 271
287 272
287 276
287 279
287 285
287 286
288 23
288 44
288 56
288 57
288 60
288 61
288 77
288 78
288 81
288 82
288 94
288 108
288 114
288 119
288 120
288 122
288 136
288 137
288 152
288 153
288 159
288 171
288 177
288 178
288 180
288 181
288 189
288 208
288 210
288 212
288 221
288 234
288 238
288 240
288 252
288 258
288 262
288 265
288 267
288 284
288 287
289 3
289 10
289 18
289 20
289 23
289 27
289 32
289 33
289 37
289 38
289 40
289 41
289 42
289 46
289 47
289 50
289 54
289 56
289 57
289 58
289 61
289 70
289 72
289 75
289 78
289 79
289 80
289 82
289 83
289 85
289 97
289 98
289 99
289 101
289 102
289 104
289 105
289 110
289 115
289 116
289 119
289 120
289 123
289 127
289 128
289 131
289 133
289 134
289 137
289 144
289 155
289 157
289 160
289 164
289 165
289 168
289 172
289 173
289 174
289 176
289 177
289 179
289 180
289 183
289 184
289 185
289 187
289 189
289 190
289 192
289 193
289 195
289 196
289 199
289 201
289 203
289 207
289 213
289 217
289 223
289 225
289 229
289 230
289 232
289 240
289 251
289 254
289 257
289 258
289 259
289 261
289 262
289 268
289 269
289 271
289 272
289 275
289 276
289 280
289 282
289 286
289 288
290 3
290 5
290 8
290 11
290 12
290 13
290 20
290 21
290 22
290 23
290 24
290 25
290 26
290 27
290 33
290 38
290 39
290 43
290 50
290 53
290 57
290 58
290 59
290 62
290 64
290 65
290 69
290 71
290 72
290 76
290 83
290 95
290 98
290 101
290 103
290 104
290 105
290 108
290 111
290 119
290 121
290 122
290 123
290 124
290 125
290 128
290 129
290 132
290 135
290 140
290 148
290 149
290 152
290 154
290 158
290 163
290 169
290 171
290 172
290 175
290 179
290 181
290 182
290 187
290 189
290 191
290 192
290 193
290 194
290 196
290 200
290 207
290 208
290 209
290 212
290 216
290 220
290 229
290 232
290 241
290 243
290 244
290 247
290 254
290 269
290 271
290 272
290 275
290 281
290 282
290 286
290 287
291 0
291 2
291 5
291 6
291 8
291 18
291 21
291 25
291 27
291 37
291 42
291 43
291 45
291 54
291 55
291 58
291 63
291 65
291 67
291 78
291 80
291 86
291 90
291 92
291 102
291 103
291 105
291 106
291 108
291 109
291 118
291 122
291 125
291 130
291 132
291 134
291 135
291 139
291 150
291 152
291 157
291 159
291 160
291 164
291 166
291 178
291 183
291 189
291 190
291 192
291 196
291 197
291 198
291 204
291 208
291 214
291 225
291 229
291 235
291 236
291 248
291 260
291 262
291 263
291 268
291 270
291 275
291 286
291 288
291 289
291 290
292 3
292 4
292 9
292 12
292 19
292 20
292 22
292 24
292 26
292 27
292 28
292 30
292 33
292 35
292 40
292 43
292 53
292 54
292 55
292 57
292 62
292 68
292 69
292 77
292 78
292 82
292 83
292 88
292 90
292 103
292 104
292 106
292 110
292 111
292 120
292 121
292 124
292 128
292 129
292 131
292 138
292 139
292 140
292 144
292 146
292 150
292 155
292 157
292 158
292 160
292 162
292 164
292 165
292 168
292 173
292 179
292 184
292 189
292 192
292 193
292 197
292 198
292 203
292 207
292 208
292 216
292 219
292 222
292 239
292 241
292 251
292 252
292 253
292 254
292 263
292 268
292 269
292 272
292 276
292 279
292 280
292 283
292 284
292 285
292 286
292 288
292 289
292 290
293 6
293 13
293 15
293 17
293 18
293 25
293 27
293 28
293 31
293 32
293 34
293 35
293 42
293 46
293 51
293 54
293 55
293 60
293 61
293 62
293 66
293 69
293 78
293 80
293 97
293 101
293 108
293 113
293 133
293 138
293 139
293 142
293 148
293 152
293 153
293 158
293 160
293 161
293 165
293 167
293 172
293 174
293 183
293 187
293 190
293 191
293 192
293 198
293 218
293 224
293 225
293 227
293 234
293 235
293 236
293 242
293 243
293 245
293 250
293 252
293 267
293 269
293 272
293 273
293 278
293 280
293 281
294 18
294 27
294 39
294 42
294 52
294 55
294 60
294 61
294 69
294 73
294 82
294 88
294 124
294 132
294 139
294 152
294 155
294 162
294 169
294 170
294 187
294 189
294 196
294 197
294 208
294 213
294 217
294 220
294 234
294 246
294 249
294 254
294 278
295 2
295 3
295 4
295 6
295 9
295 11
295 12
295 14
295 16
295 19
295 20
295 24
295 25
295 30
295 31
295 32
295 47
295 48
295 53
295 56
295 58
295 60
295 61
295 66
295 67
295 70
295 72
295 74
295 75
295 77
295 79
295 80
295 81
295 83
295 84
295 85
295 87
295 89
295 90
295 94
295 95
295 99
295 102
295 103
295 104
295 106
295 109
295 114
295 116
295 118
295 119
295 121
295 122
295 124
295 125
295 126
295 127
295 128
295 136
295 137
295 141
295 144
295 147
295 150
295 151
295 152
295 155
295 158
295 159
295 164
295 167
295 169
295 181
295 187
295 188
295 189
295 192
295 193
295 195
295 196
295 198
295 199
295 201
295 202
295 204
295 209
295 213
295 222
295 223
295 226
295 233
295 235
295 236
295 238
295 242
295 243
295 244
295 246
295 252
295 254
295 255
295 261
295 263
295 265
295 266
295 269
295 273
295 275
295 279
295 284
295 285
295 288
295 289
295 290
296 4
296 9
296 14
296 18
296 19
296 29
296 31
296 33
296 34
296 39
296 42
296 43
296 50
296 54
296 57
296 62
296 68
296 69
296 73
296 77
296 86
296 91
296 95
296 97
296 100
296 102
296 104
296 109
296 116
296 117
296 120
296 121
296 125
296 126
296 128
296 129
296 130
296 134
296 135
296 136
296 137
296 138
296 140
296 141
296 143
296 144
296 145
296 148
296 149
296 151
296 152
296 156
296 159
296 160
296 164
296 169
296 173
296 174
296 175
296 178
296 180
296 182
296 184
296 188
296 189
296 191
296 194
296 196
296 199
296 202
296 212
296 214
296 218
296 220
296 221
296 224
296 231
296 236
296 237
296 238
296 239
296 240
296 245
296 249
296 250
296 254
296 257
296 259
296 260
296 263
296 264
296 265
296 266
296 267
296 268
296 269
296 270
296 272
296 274
296 284
296 285
296 287
296 288
296 289
296 291
296 292
296 295
297 15
297 16
297 18
297 20
297 23
297 29
297 30
297 31
297 35
297 38
297 43
297 47
297 55
297 57
297 59
297 62
297 63
297 64
297 72
297 74
297 75
297 78
297 79
297 82
297 89
297 90
297 94
297 104
297 106
297 109
297 120
297 121
297 122
297 127
297 129
297 130
297 131
297 134
297 135
297 139
297 145
297 149
297 151
297 152
297 155
297 158
297 160
297 163
297 164
297 165
297 167
297 172
297 174
297 175
297 183
297 189
297 191
297 192
297 195
297 196
297 197
297 198
297 202
297 206
297 209
297 212
297 213
297 217
297 219
297 225
297 226
297 231
297 236
297 238
297 239
297 241
297 242
297 243
297 244
297 246
297 248
297 249
297 255
297 257
297 261
297 264
297 266
297 271
297 272
297 275
297 276
297 279
297 283
297 284
297 285
297 286
297 294
297 295
297 296
298 1
298 4
298 9
298 10
298 16
298 17
298 23
298 28
298 30
298 31
298 37
298 39
298 42
298 44
298 51
298 57
298 61
298 63
298 68
298 70
298 73
298 74
298 77
298 78
298 79
298 84
298 85
298 86
298 89
298 95
298 101
298 102
298 104
298 105
298 113
298 114
298 116
298 121
298 125
298 127
298 132
298 133
298 136
298 140
298 145
298 146
298 147
298 150
298 151
298 152
298 156
298 158
298 161
298 162
298 166
298 168
298 173
298 176
298 180
298 181
298 189
298 190
298 191
298 192
298 199
298 203
298 208
298 212
298 222
298 225
298 231
298 234
298 241
298 242
298 243
298 249
298 252
298 259
298 260
298 262
298 265
298 273
298 275
298 276
298 279
298 282
298 283
298 285
298 287
298 289
298 291
298 295
298 296
298 297
299 9
299 17
299 19
299 24
299 25
299 30
299 37
299 43
299 47
299 53
299 54
299 55
299 56
299 60
299 62
299 66
299 67
299 69
299 75
299 77
299 80
299 94
299 101
299 102
299 118
299 120
299 121
299 122
299 123
299 130
299 132
299 140
299 143
299 144
299 145
299 150
299 152
299 158
299 159
299 162
299 165
299 167
299 171
299 173
299 178
299 183
299 184
299 198
299 204
299 208
299 211
299 219
299 222
299 224
299 234
299 235
299 237
299 238
299 243
299 244
299 245
299 255
299 267
299 270
299 271
299 275
299 277
299 278
299 279
299 285
299 291
299 292
299 295
299 296
299 298
