Huffman coding:

input:
16
c	7
a	4
e 	4
f 	3
h 	2
i 	2
m 	2
n 	2
s 	2
t 	2
l 	1
o 	1
p 	1
r 	1
u 	1
x 	1

Output: (check length only, pattern may be different)

c 	7 	111	3
a 	4 	010	3
e 	4 	000	3
f 	3 	1101	4
h 	2 	1010	4
i 	2 	1000	4
m 	2 	0111	4
n 	2 	0010	4
s 	2 	1011	4
t 	2 	0110	4
l 	1 	11001	5
o 	1 	00110	5
p 	1 	10011	5
r 	1 	11000	5
u 	1 	00111	5
x 	1 	10010	5



Activity Selection:

10
22 68 73 94 37 86 46 29 92 95
30 80 97 123 42 115 67 54 119 96

66
83 53 68 22 96 13 72 2 91 32 39 58 17 91 41 80 36 7 73 99 96 20 55 24 90 61 6 27 24 7 14 71 39 95 21 45 67 35 27 95 64 39 45 91 51 60 24 48 86 18 73 40 48 86 97 86 24 21 45 69 36 16 26 35 43 12
93 66 93 48 105 40 85 18 93 56 69 66 21 99 47 101 39 29 92 107 98 36 81 33 96 68 34 47 29 29 21 73 62 116 36 50 73 45 35 111 78 69 66 117 67 67 28 71 113 47 83 62 73 95 116 104 46 31 49 81 58 21 56 61 73 13 
